()                                                                          ()

#!/usr/bin/env domino-chain

Version | 1

Name | Crash!

Author | Volker Diels-Grabsch

Theme | space

Time | 1:30

Hint | Keep the top domino pair from falling!

Level +--------------------- | |    .           .  | |   # IIIII IIIII # | |
# ?I?I?I?!_ | |     _AIII ?III_ | |     __IIOA*____ |   1  H          2 |
__AIIIIIIYIIIIA__ | +---------------------

Background
+--------------------------------------------------------------------------------
|   1   1   1   1   1   1   1   1   1   1   1   1   1   1   1   1   1   1   1
1 |   1   1   1   1   1   1   1   1   1   1   1   1   1   1   1   1   1   1
1   1 |   1   1   1   1   1   1   1   1   1   1   1   1   1   1   1   1   1
1   1   1 |   1   1   1   1   1   1   1   1   1   1   1   1   1   1   1   1
1   1   1   1 |   1   1   1   1   1   1   1   1   1   1   1   1   1   1   1
1   1   1   1   1 |   1   1   1   1   1   1   1   1   1   1   1   1   1   1
1   1   1   1   1   1 |   1   1   1   1   1   1   1   1   1   1   1   1   1
1   1   1   1   1   1   1 |   1   1   1   1   1   1   1   1   1   1   1   1
1   1   1   1   1   1   1   1 |   1   1   1   1   1   1   1   1   1   1   1
1   1   1   1   1   1   1   1   1 |   1   1   1   1   1   1   1   1   1   1
1   1   1   1   1   1   1   1   1   1 |   1   1   1   1   1   1   1   1   1
1   1   1   1   1   1   1   1   1   1   1 |   1   1   1   1   1   1   1   1
1   1   1   1   1   1   1   1   1   1   1   1 |   1   1   1   1   1   1   1
1   1   1   1   1   1   1   1   1   1   1   1   1
+--------------------------------------------------------------------------------
#!/usr/bin/env domino-chain

Version | 1

Name | Crashed again

Author | Volker Diels-Grabsch

Theme | space

Time | 1:30

Hint | Create asymmetry, then compensate!

Level +--------------------- | |    .           .  | |   # IIIII IIIII # | |
# ?I?I?I?!_ | |     _AIII ?III_ | |       _OA*___ |     1  H      2 |
A__OIIYIO___A | +---------------------

Background
+--------------------------------------------------------------------------------
|   1   1   1   1   1   1   1   1   1   1   1   1   1   1   1   1   1   1   1
1 |   1   1   1   1   1   1   1   1   1   1   1   1   1   1   1   1   1   1
1   1 |   1   1   1   1   1   1   1   1   1   1   1   1   1   1   1   1   1
1   1   1 |   1   1   1   1   1   1   1   1   1   1   1   1   1   1   1   1
1   1   1   1 |   1   1   1   1   1   1   1   1   1   1   1   1   1   1   1
1   1   1   1   1 |   1   1   1   1   1   1   1   1   1   1   1   1   1   1
1   1   1   1   1   1 |   1   1   1   1   1   1   1   1   1   1   1   1   1
1   1   1   1   1   1   1 |   1   1   1   1   1   1   1   1   1   1   1   1
1   1   1   1   1   1   1   1 |   1   1   1   1   1   1   1   1   1   1   1
1   1   1   1   1   1   1   1   1 |   1   1   1   1   1   1   1   1   1   1
1   1   1   1   1   1   1   1   1   1 |   1   1   1   1   1   1   1   1   1
1   1   1   1   1   1   1   1   1   1   1 |   1   1   1   1   1   1   1   1
1   1   1   1   1   1   1   1   1   1   1   1 |   1   1   1   1   1   1   1
1   1   1   1   1   1   1   1   1   1   1   1   1
+--------------------------------------------------------------------------------
#!/usr/bin/env domino-chain

Version | 1

Name | Dominik 1

Author | Dominik Pöhlker

Theme | toxcity

Time | 0:45

Hint | ...

Level +--------------------- | | | | |  _____ |     H |    _OIY__# |         H
|     12  H | #__________!__I__ | | | +---------------------

Background
+--------------------------------------------------------------------------------
|  83  83  83  83  83  83  83  83  83  83  83  83  83  83  83  83  83  83  83
83 |  83  83  83  83  83  83  83  83  83  83  83  83  83  83  83  83  83  83
83  83 |  92  83  83  83  83  45  44  45  44  45  44  50  83  83  83  83  92
83  83  83 |  93  83  83  26  14  15  15  15  15  15  11  18  79  83  83  92
93  83  83  83 | 180 180 180  26  16  20   2   3   4 153  71  18  79 180 180
180 180 180 180 180 |  44  44  44  26  16 153   5   1   7 155  71  18  79 174
174 174 174 174 174 174 |  77  78  26  26  16 155   8   9  10  20  71  18  79
174 174 174 174 124 124 124 |  43  43  43  26  12  59  59  59  59  59  13  18
75  49  49  49  49  49  49  49 |  80 126  80  36  80  80  23  23  18  23  23
18  23  18  77  78  18  77  78  18 | 174 126 174  36  20  20  20  20  20  20
20  20  38  38  38  38  38  38  38  38 | 124  80 174 174  20  29  20  20  29
20  20  80  80  80  80 116  80 116  80  80 | 174 174 174 174 174  14  11  23
14  11  80 174 174 174 174 116 174 116 174 174 | 113 113 113 113 113  32  13
20  12  13 118 113 113 113 113  82 174  82 113 113
+--------------------------------------------------------------------------------

Background
+--------------------------------------------------------------------------------
|   0   0   0   0   0   0   0   0   0   0   0   0   0   0   0   0   0   0   0
0 |  98   0 101   0   0 106   0 106 102 106   0 101   0   0 101   0 102   0
0 101 |   0 101 100  98 185   0   0   0   0   0   0   0 101 102  96   0   0
0 101  99 |   0  90  96   0   0   0   0   0   0   0   0   0   0  90  94   0
0  84  99  97 |   0   0   0   0   0   0   0   0   0   0   0   0 176   0   0
0   0   0   0   0 |   0   0   0   0   0   0   0   0   0   0   0   0 179 124
124 124 128   0   0   0 |   0   0   0   0   0   0   0   0   0   0   0   0 179
178 178 178 129   0   0   0 |   0   0   0   0   0   0   0   0   0   0   0   0
0   0   0   0   0   0   0   0 |   0 178   0   0   0   0   0   0   0   0   0
0   0   0   0   0   0   0   0   0 | 178   0 167   0   0   0   0   0   0   0
0   0   0   0   0   0   0   0   0   0 |   0 130 166 141   0   0   0   0   0
0   0 140   0   0   0 178   0 178   0   0 | 178 178 168   0 141   0   0   0
0   0 140 184 178 178 178   0 167   0 167 178 |   0   0   0   0   0   0   0
0   0   0 177   0   0   0   0 112 166 111   0   0
+--------------------------------------------------------------------------------

Background
+--------------------------------------------------------------------------------
|   0   0   0   0   0   0   0   0   0   0   0   0   0   0   0   0   0   0   0
0 |   0   0   0   0   0   0   0   0   0   0   0   0   0   0   0   0   0   0
0   0 |   0   0   0 135   0   0   0   0   0   0   0   0 136   0   0   0   0
0   0   0 |   0   0   0   0   0   0   0   0   0   0   0   0   0   0   0   0
0   0   0   0 |   0   0   0   0   0   0   0   0   0   0   0   0   0   0   0
0   0   0   0   0 |   0   0   0   0   0   0   0   0   0   0   0   0 122   0
0   0   0   0   0   0 |   0   0   0   0   0   0   0   0   0   0   0   0   0
0   0   0   0   0   0   0 |   0   0   0   0   0   0   0   0   0   0   0   0
0   0   0   0   0   0   0   0 |   0   0   0   0   0   0   0   0   0   0   0
0   0   0   0   0   0   0   0   0 |   0   0   0   0   0   0   0   0   0   0
0   0   0   0   0   0   0   0   0   0 |   0   0   0   0   0   0   0   0   0
0   0   0   0   0   0   0   0   0   0   0 |   0   0   0   0   0   0   0   0
0   0   0   0   0   0   0   0   0   0   0   0 |   0   0   0   0   0   0   0
0   0   0   0   0   0   0   0   0   0   0   0   0
+--------------------------------------------------------------------------------
#!/usr/bin/env domino-chain

Version | 1

Name | Dominik 2

Author | Dominik Pöhlker

Theme | aztec

Time | 0:40

Hint | ...

Level +--------------------- | |       __Y |        H         1 |      I____
___ |        H      _/ |    I_I_I_____/ |          H |       2  H |
#_O_______!_ | | | | +---------------------

Background
+--------------------------------------------------------------------------------
|   1   1   1   1   1   1   1   1   1   1   1   1  95   1   1   1   1   1   1
1 |   1   1   1   1   1   1   1   1   1   1   1 111 111 111   1   1   1   1
1   1 |   1   1  95   1   1   1   1   1   1   1   1 111 111 111   1   1   1
1   1   1 |   1 105 106 107   1   1   1   1   1   1 111 111 111 111 111   1
1   1   1   1 |  16  97  98  99 111  16  16   1  16 111 111 111 105 106 107
16  18   1  16  18 | 111  97  98  99 111  19  19  19 111 111 111 111  97  98
99 111 111  19  19  19 | 111  97  98  99 111  19  19  19  19 105 106 107  97
98  99 111 111 111  19  19 |  22  97  98  99 105 106 107 111 111  97  98  99
97  98  99 111 111  20  22  20 |  19  97  98  99  97 111  99 111 111  97  98
99  97  98  99 111 111  19  19  19 |  30  97  98  99  97  98  99 111 111  97
98  99  97  98  99 111 111 111  19  26 |  30  97  98  99  97  98  99 111 111
97  98  99  97  98  99 111 111  24  26  27 | 111 100  98  99 100  98 101 108
108 100  98 101 100  98 101 111 111  26  27  27 |  94  94  94  94  94  94  94
94  94  94  94  94  94  94  94  94  94  94  94  94
+--------------------------------------------------------------------------------

Background
+--------------------------------------------------------------------------------
|   5   9   0   0   0   0   0   0   0   5   9  92   0  91   9   0   0   0   2
3 |   0  43  44  47   5   6   8   9   0   0  79   0   0   0  78   0   5   6
7   7 |   0  92   0  91   0  11  10  11  10   0  83   0   0   0  82   0  12
11  10  12 | 123   0   0   0 122  14  13  14  13 123   0   0   0   0   0 122
15  14  13  15 |  83   0   0   0   0  78   0  17  83   0   0   0   0   0   0
82   0  17   0   0 |   0   0   0   0   0  78   0  79   0   0   0   0   0   0
0   0   0  82   0   0 |   0   0   0   0   0  82  43  44  89   0   0   0   0
0   0   0   0   0  78  29 |  89   0   0   0   0   0   0   0   0   0   0   0
0   0   0   0   0  84   0  37 |  79   0   0   0   0   0   0   0   0   0   0
0   0   0   0   0   0  82   0  37 |  79   0   0   0   0   0   0   0   0   0
0   0   0   0   0   0   0   0  23   0 |  87   0   0   0   0   0   0   0   0
0   0   0   0   0   0   0   0  88   0  81 |   0   0   0   0   0   0   0   0
0   0   0   0   0   0   0   0   0  82  40  87 |   0   0   0   0   0   0   0
0   0   0   0   0   0   0   0   0   0   0   0   0
+--------------------------------------------------------------------------------

Background
+--------------------------------------------------------------------------------
|   0   0   0   0   0   0   0   0   0   0   0   0   0   0   0   0   0   0   0
0 |   0   0   0   0   0   0   0   0   0   0   0   0   0   0   0   0   0   0
0   0 |   0   0   0   0   0   0   0   0   0   0   0   0   0   0   0   0   0
0   0   0 |  79   0   0   0  82   0   0   0   0  83   0   0   0   0   0  78
0   0   0   0 |   0   0   0   0   0   0   0   0   0   0   0   0   0   0   0
0   0   0   0   0 |   0   0   0   0   0   0   0   0   0   0   0   0   0   0
0   0   0   0   0   0 |   0   0   0   0   0   0   0   0   0   0   0   0   0
0   0   0   0   0   0   0 |   0   0   0   0   0   0   0   0   0   0   0   0
0   0   0   0   0   0   0   0 |   0   0   0   0   0   0   0   0   0   0   0
0   0   0   0   0   0   0   0   0 |   0   0   0   0   0   0   0   0   0   0
0   0   0   0   0   0   0   0  78   0 |   0   0   0   0   0   0   0   0   0
0   0   0   0   0   0   0   0   0   0   0 |   0   0   0   0   0   0   0   0
0   0   0   0   0   0   0   0   0   0   0   0 |   0   0   0   0   0   0   0
0   0   0   0   0   0   0   0   0   0   0   0   0
+--------------------------------------------------------------------------------
#!/usr/bin/env domino-chain

Version | 1

Name | Dominik 3

Author | Dominik Pöhlker

Theme | electro

Time | 1:30

Hint | ...

Level +--------------------- | | | | |                =__ |                 H
|               1 H |           I_______ |         O/   H 2 |      O_/
_______ |            H |  __#_= III___ I!_ | +---------------------

Background
+--------------------------------------------------------------------------------
|  67  67 119  67  83  84  85  67  67  67  67  50  49  48  67  67  10  10  67
67 |  73  74  74  74  33  33  33  74  74  74  74  74  74  74  75  67  11  11
67  67 | 103 104 105  67  12  13  14  67  67  67  67  51  67  67  71  67  10
10  67  67 | 106 107 108  67  56  57  67  67  67  67  67  51  67  67  67  74
74  74  75  67 | 106 109 110  67   1   2  67  67  67  67  67  50  49  29  29
29  29  29 189 190 | 106 111 112  67  24  25  29  29  29  29  29  29  29  29
29  29  29  29  87  88 | 106 111 112  67  67  67  67  67  67  67  67  67  67
67  67  67  67  44 191 192 | 113 114 115  67  67  67  67  67  67  67  67  67
67  67  67  67  67  51  71  67 |  72  67  67  67  67  67  67  67  67  67  67
67  67  67  67  67  67  51  71  67 |  72  67  67  67  67  67  67  67  67  67
67  67  67  67  67  67  67  51  71  67 |  72  67  67  67  67  67  67  67  67
67  67  67  67  67  67  67  67  67  71  67 |  68  69  69  69  69  69  69  69
69  69  69  69  69  69  69  69  69  69  70  67 |  69  69  69  69  69  69  69
69  69  69  69  69  69  69  69  69  69  69  67  67
+--------------------------------------------------------------------------------
#!/usr/bin/env domino-chain

Version | 1

Name | Dominik 4

Author | Dominik Pöhlker

Theme | japanese

Time | 2:00

Hint | ...

Level +--------------------- | |    _I_I__I__I__I__ |        H |      2 H |
O_____ |          I   1 |            I_____ |               H |
__!_ | | | #___________A_ | +---------------------

Background
+--------------------------------------------------------------------------------
| 257 257 257 217 257 257 257 257 257 217 257 257 257 257 257 257 217 257 257
257 |  17  18  19 227 229 229 229 229 217 227 229 229 229 230 229 229 217 186
17  18 |  20  21  22 227  15  15  15 230 226 227 226 228 228 226 226 226 213
3  20  21 |   7   6   7 217  13   0  13 226 226 227 226 228 228 228 226 228
217 186   5   8 |   3   2   3 227  16  16  16 226 226 227 226 228 228  15  15
15 213   3   1   4 |  35  36  27 217 228 228 226 228 228 227 228 228 228  14
0  14 217 186  35  36 |  37  38  30 227 228 228 230 228 228 227 226 226 226
16  16  16 213   3  37  38 |   7   6   7 227 228 228 228 228 228 227 226 228
228 230 230 228 217 186   5   6 |   3   2   3 227 226 226 226 228 228 227 226
228 228 228 228 228 213   3   1   4 |  17  18  19 227 228 230 228 228 228 227
226 228 228 228 228 228 217  30  17  18 |  20  21  22 227 228 228 226 228 228
227 228 226 228 226 226 230 213   3  20  21 | 233 233 233   7 233 233 233 233
217 217 217 233 233 233 233 233 217 233 233 233 |   3   3   3 217   3   3   3
3   3 217   3   3   3   3   3   3 217   3   3   3
+--------------------------------------------------------------------------------
#!/usr/bin/env domino-chain

Version | 1

Name | Dominik 5

Author | Volker Diels-Grabsch

Theme | dungeon

Time | 0:30

Hint | ...

Level +--------------------- | | | | |          2 |      ______ |       H |
H O__ |   1   H |  ___IIOA= __III?!_ | | | +---------------------

Background
+--------------------------------------------------------------------------------
|   2   3   2   3   2   3  43  44  45   3  46  47   3  43  45   3   2   3   2
3 |   3   8   8   8   8   8  55  57  57   3  48  49   3  55  57   8   8   8
8   8 |   3   2   3   2   3   2  58  60  60   3  50  51   3  58  60   2   3
2   3   2 |   2   2   2   8   8   8   8   8   8   8   8   8   8   8   8   8
8   3   2   3 |   2 151 152  72  73   3   2   3   2   0   2   3   2   3   2
3   2   3   2   3 |   3 156 116 117 118   3   8 164   9   9   9   9   8   2
2   2  37 165  38   4 |   3 156 119 120 121   3   3 153 120 120 120 120   2
2   2   2 156 116 117   4 |   3   5   6   6   6   2   2 153 120 120 120 120
3   3   2   2 156 119 120   4 |   3   3   0   3   3   2   2   5   6   6   6
6   3   3   2   2   5   6   6   4 |   3   3   8   8   8   8   8   8   8   8
8   8   8   8   8   8   8   8   8   4 |   3   2   2   3   2   2   2   2   2
2   2   2   2   2   2   2   2   2   2   4 |   2   8   8   8   8   8   8   8
8   8   8   8   8   8   8   8   8   8   8   4 |   2   2   2   2   2   2   2
2   2   2   2   2   2   2   2   2   2   2   2   2
+--------------------------------------------------------------------------------
#!/usr/bin/env domino-chain

Version | 1

Name | Dominik 6

Author | Dominik Pöhlker

Theme | electro

Time | 4:00

Hint | ...

Level +--------------------- | |            1 |      _I_I_I_I____ |       H |
IYIIIII |         H   II:I___ |         H |   2     H |  #_?IIIIIIIII |
H |         H |   _!_IIIIIIIIY#_ | +---------------------

Background
+--------------------------------------------------------------------------------
|  73  74  74  74  74  74  74  74  74  74  74  74  74  74  74  74  74  74  75
67 |  72  67  67  67  67  67   7   7   7  67  67  67  67  93  94  95  96  97
71  67 |  72  67  67  67  67  67  67  67  67  67  67  67  67  98  99 100 101
102  71  67 |  72  18  19  20  67  67  67  67  67  67  67  67 116 117 123  67
67  59  71  67 |  72  21  22  23  49  54  55  49  49  49  49  49  49  49  49
49  49  48  71  67 |  72  67   8   9  67  67  67  67  67  67  67  67  67  67
67  67  67  67  71  65 |  72  67  67  67  67  67  67  67  67  67  67  67  67
67  67  67  67  67  71  65 |  72  67  67  67  67  67  67  67  67  67  67  67
67  67  67  67  67  67  71  67 |  72  67  67  67  67  67  67  67  67  67  67
1   2   2  67  63  67  67  71  46 |  68  69  69  67  67  67  67  67  67  67
67  67  25  32  67  59  63  67  71  48 |  67  33  67  72  67  67  67  67  67
67  67  67  67  25  27  53  59  67  71  67 |  67  33  67  68  69  69  69  69
69  69  69  69  69  69  77  78  79  69  70  67 |  34  35  67  67  67  67  67
67  67  67  67  67  67  67  80  81  82  67  67  67
+--------------------------------------------------------------------------------
#!/usr/bin/env domino-chain

Version | 1

Name | Dominik 7

Author | Dominik Pöhlker

Theme | space

Time | 1:45

Hint | ...

Level +--------------------- | |      1 |     __II???????II |      H2 |
#___         __ |       H       I_/ |       H    I_/ |       H I_/ |      I_/
|   !_/ | | | +---------------------

Background
+--------------------------------------------------------------------------------
|   1   1   1   1   1   1   1   1  95  96  97  98  99 100 101   1   1   1   1
1 | 115 140   1  82   1   1   1   1 102 103 104 105 106 107 108   1   1   1
1   1 | 107 115   1  19  12   1  12  20  21  19 111 112 113  12  15   8   9
1   1 138 | 120   1   1   7   7   7  13  22  23  18   1   1   1  13  16  10
11  99 100 102 | 107 115   1   1   1 139   1   1   1  81   1   1   1   1   1
1 105 106 107 108 | 112 107 115   1 136 137   1   1   1   1  23  23  23  23
23  50  51 113 114 115 | 170 171 107 115   1   1   1   1   1  79   1   1   1
1   1  52  53 120 121 122 | 162 163 164   1   1   1   1   1   1   1   1   1
1   1   1   1   1   1   1   1 | 170 171   1   1   1   1   1   1   1  85   1
1 139   1   1   1   1   1 141 138 | 178 179  23  23  23  23  23  23  23  23
23  23  23  23   1  23   1   1   1 139 | 186 180 120 137 139   1   1   1   1
81   1   1   1   1   1   1   1 143   1 141 | 120   1   1   1   1   1   1   1
1   1   1   1   1   1   1   1   1  23   1   1 | 127   1   1   1   1   1   1
1   1  78   1   1   1   1   1   1   1   1   1   1
+--------------------------------------------------------------------------------

Background
+--------------------------------------------------------------------------------
|   0   0   0  76   0   0   0   0   0   0   0   0   0   0   0  56  57   0   0
0 |   0   0   0   0   0   0  91   0   0  76   0   0   0   0   0  36  37   0
0   0 |   0   0  30   0   0   0  93   0   0   0  32  34  25   0   0   0   0
25  28   0 |   0   0  31   0   0   0  93   0   0   0  33  35  27   0   0   0
0  27  29   0 |   0   0   0   0   0   0  93   0   0   0   0   0   0   0  91
38  39   0   0   0 |   0   0   0   0   0   0  87  88  88  88  88  88  88  88
88  90   0   0   0   0 |   0   0   0   0   0   0  93   0   0   0   0   0   0
0  93   0   0   0   0   0 |   0   0  87  88  88  88  89  88  88  88  88  88
88  88  89  54  55   0   0   0 |   0  30   0  28   0   0  93   0   0   0   0
0   0   0  92   0   0   0   0   0 |   0  31  88  88  88  88  88  88  88  88
88  88  88  88  94  88  90   0   0   0 |   0   0   0   0   0   0  93   0   0
0   0   0   0   0  93   0   0   0   0   0 |   0  87  88  88  88  88  89  88
88  88  88  88  88  88  89  88  88  88  90   0 |   0   0   0   0   0   0  94
0   0   0   0   0   0   0  94   0   0   0   0   0
+--------------------------------------------------------------------------------
#!/usr/bin/env domino-chain

Version | 1

Name | Dominik 8

Author | Dominik Pöhlker

Theme | space

Time | 1:15

Hint | ...

Level +--------------------- |  ___ | |  ? ??II?!_ | |  _A?IIII? ___ |
H |  # ??????A H |            H |            H |    1      2H |  ______OA???_
| | +---------------------

Background
+--------------------------------------------------------------------------------
|   1   1   1   1   1   1   1   1   1   1   1   1   1   1   1   1   1   1   1
1 |   1   1   1   1   1   1   1   1   1   1   1   1   1   1   1   1   1   1
1   1 |   1   1   1   1   1   1   1   1   1   1   1   1   1   1   1   1   1
1   1   1 |   1   1   1   1   1   1   1   1   1   1   1   1   1   1   1   1
1   1   1   1 |   1   1   1   1   1   1   1   1   1   1   1   1   1   1   1
1   1   1   1   1 |   1   1   1   1   1   1   1   1   1   1   1   1   1   1
1   1   1   1   1   1 |   1   1   1   1   1   1   1   1   1   1   1   1   1
1   1   1   1   1   1   1 |   1   1   1   1   1   1   1   1   1   1   1   1
1   1   1   1   1   1   1   1 |   1   1   1   1   1   1   1   1   1   1   1
1   1   1   1   1   1   1   1   1 |   1   1   1   1   1   1   1   1   1   1
1   1   1   1   1   1   1   1   1   1 |   1   1   1   1   1   1   1   1   1
1   1   1   1   1   1   1   1   1   1   1 |   1   1   1   1   1   1   1   1
1   1   1   1   1   1   1   1   1   1   1   1 |   1   1   1   1   1   1   1
1   1   1   1   1   1   1   1   1   1   1   1   1
+--------------------------------------------------------------------------------
#!/usr/bin/env domino-chain

Version | 1

Name | Dominik 9

Author | Dominik Pöhlker

Theme | space

Time | 0:45

Hint | ...

Level +--------------------- | |   1 2 |  X___IIIIIIII |          H |
_*IIIIIIIIIIYIIII |          H |  IYIIIIIIIIIIIII*_ |          H |
_IIIIIIIIIIIIIXYI |          H |  !IIIIIIIIIIIIII__ | | +---------------------

Background
+--------------------------------------------------------------------------------
|   1   1   1   1   1   1   1   1   1   1   1   1   1   1   1   1   1   1   1
1 |   1   1   1   1   1   1   1   1   1  70  61  46  47  59  60  60  60  58
1   1 |   1   1   1 137 142   1   1   1   1 140 142  50  51 142 143 141   1
1   1   1 |   1   1   1   1   1   1   1 143   1 139   1  44  47  63  64  65
46  53 140   1 | 142   1   1   1   1   1   1   1   1   1 143  48  49   1 139
1   1   1   1   1 |   1   1 141 139   1   1 142   1   1   1   1   1   1 134
135 136 137 138 141   1 |   1 143 141   1 141   1   1 141   1   1   1   1   1
1 138   1   1 139   1   1 |   1 137 139 138   1   1 140   1 142   1   1   1
1   1   1   1   1   1   1   1 |   1   1 138   1   1   1   1   1   1   1   1
1   1   1   1   1   1   1   1   1 |   1   1   1   1   1   1   1   1   1   1
1   1   1   1   1   1   1   1   1   1 |   1   1  45   1   1   1   1   1   1
1   1   1   1   1   1   1   1   1   1   1 |   1 142   1   1 141   1   1 142
141   1   1   1   1   1   1   1   1   1 141   1 |   1   1   1   1   1   1   1
1   1   1   1   1   1   1   1   1   1   1   1   1
+--------------------------------------------------------------------------------

Background
+--------------------------------------------------------------------------------
|   0   0   0   0   0   0   0   0   0   0   0  56  57   0   0   0   0   0   0
0 |   0  87  88  88  88  90   0   0  68   0   0   0   0   0   0   0   0   0
67   0 |   0  93   0   0   0  93   0   0   0   0   0   0   0   0   0   0  56
57   0   0 |   0  87  88  88  88  88  90   0   0   0   0   0   0   0   0   0
0   0   0   0 |   0   0   0   0   0  92   0   0   0   0   0   0   0   0   0
0  54  55   0   0 |   0   0   0   0   0  92   0   0   0   0  91  54  55   0
0   0   0   0   0   0 |   0   0   0   0   0  92   0   0   0   0  92   0   0
0   0   0   0   0   0   0 |   0   0   0   0   0  92   0   0   0   0  92   0
0   0   0  91   0   0   0   0 |   0   0   0   0  87  89  88  88  88  88  89
88  88  88  88  89  88  88  90   0 |   0  30  28  28   0  92   0   0   0   0
92   0   0   0   0  93  30  30  28   0 |   0  87  88  88  88  89  88  88  88
88  89  88  88  88  88  89  88  88  88  90 |   0   0   0   0   0  94   0   0
0   0  94   0   0   0   0  94   0   0   0   0 |   0   0   0   0   0   0   0
0   0   0   0   0   0   0   0   0   0   0   0   0
+--------------------------------------------------------------------------------
#!/usr/bin/env domino-chain

Version | 1

Name | Dominik 10

Author | Volker Diels-Grabsch

Theme | space

Time | 3:00

Hint | Catch the falling domino

Level +--------------------- | |   ___           ___ | |   # :::::::::::O? _ |
|   _AIIIIII IIIIII_# | |   _ IIIIIIAIIIIII # | |   #_IIIIII IIIIIIA_ |   1 2
| #__:::::::AO= III!_ | +---------------------

Background
+--------------------------------------------------------------------------------
|   1   1   1   1   1   1   1   1   1   1   1   1   1   1   1   1   1   1   1
1 |   1   1   1   1   1   1   1   1   1   1   1   1   1   1   1   1   1   1
1   1 |   1   1   1   1   1   1   1   1   1   1   1   1   1   1   1   1   1
1   1   1 |   1   1   1   1   1   1   1   1   1   1   1   1   1   1   1   1
1   1   1   1 |   1   1   1   1   1   1   1   1   1   1   1   1   1   1   1
1   1   1   1   1 |   1   1   1   1   1   1   1   1   1   1   1   1   1   1
1   1   1   1   1   1 |   1   1   1   1   1   1   1   1   1   1   1   1   1
1   1   1   1   1   1   1 |   1   1   1   1   1   1   1   1   1   1   1   1
1   1   1   1   1   1   1   1 |   1   1   1   1   1   1   1   1   1   1   1
1   1   1   1   1   1   1   1   1 |   1   1   1   1   1   1   1   1   1   1
1   1   1   1   1   1   1   1   1   1 |   1   1   1   1   1   1   1   1   1
1   1   1   1   1   1   1   1   1   1   1 |   1   1   1   1   1   1   1   1
1   1   1   1   1   1   1   1   1   1   1   1 |   1   1   1   1   1   1   1
1   1   1   1   1   1   1   1   1   1   1   1   1
+--------------------------------------------------------------------------------
#!/usr/bin/env domino-chain

Version | 1

Name | Dominik 11

Author | Dominik Pöhlker

Theme | mechanic

Time | 2:00

Hint | ...

Level +--------------------- |          1 |      ____I _I_I_I_ |         H
H |         H    H |         H    H |         H    H |         H    H |
H    H |         H    H |         H    H |    2    H    H |
________IYI_____!_ | +---------------------

Background
+--------------------------------------------------------------------------------
|   1   1   1   1   1   1   1   1   1   1   1   1   1   1   1   1   9  96   9
96 |   1   1   1   6   6   1   9   1   1   1   9   1   1   1   1   1   6   6
6  96 |   1   1   1   9   1   1   1   1   1   1   1   1   1   1   1   1   1
32  96  96 |   1   1   1   1   1   1   9   1   1   1   6   1   1   1   1   1
1  96  96   1 |   1   1   1   1   1   1   1   1   1   1   1   1   1   1   1
1   1   1   1   1 |   1   1   1   9   1   1   9   1   1   1   9   1   1   1
1   1   1   9   1   1 |   1   1   1   1   1   1   1   1   1   1   1   1   1
1   1   1   1   1   1   1 |   1   1   1   9   1   1   9   1   1   1   9   1
1   6   6   1   1   6   1   1 |   1   1   1   1   1   1   1   1   1   1   1
1   1   1   9   1   1   1   1   1 |   1   1   1   1   1   1   1   1   1   1
1   1   1   1   1   1   1   1  26   1 |   1   1   1   1   1   1   1   1   1
1   1   1   1   1   1   1   1   9   9   9 |   1   1   1   1   1   1   6   1
1   1   6   1   1   1   6   1   1   6   6   6 |   1   1   1   1   1   1   1
1   1   1   1   1   1   1   1   1   1   1   1   1
+--------------------------------------------------------------------------------

Background
+--------------------------------------------------------------------------------
|   0   0   0   8   0   0   9 165 167   0   9 165 167   0   0   0   3   0   3
0 |   0   5   6  34  35   6   3  95  97   6   3  95  97   6   6   6   3   3
3   7 |   0   0 162  36 165 167   9 163 163 163   9 163 163 163 163 163 163
8  33   0 |   0   0 168   9  95  93   5  95  97  93   3  95  97  93 169 169
169   9   0 165 |   0   0   0   9 165 167   9 163 163 163   9 163 163 163 163
163 164   9  93 169 |   5   6   6   3  95  97   3  95  97  93   3  95  97  93
93  93   6   3  95  97 |   0 162 163   9 163 163   9 163 163 163   9 163 163
163 163 163 163   9 163 163 |   0   5  93   3  95  97   3  95  97  93   3  95
97  46  47  93  93  10  95  97 |   0   0 162 163 163 163   9 163 163 163   9
163 163 163  49  90 163 163  95  97 |   0   0 168 169 165 169   9 165 169 169
9 165 169 169   9 124 169  25   3 165 |   0   0   0   0 168 170   9 165 167
0   9 165 167   0   9 165 167   3   3   3 |   0   5   6   6   6   6   3  95
97   6   3  95  97   6   3  95  97   3   3   3 |   0   0   0   0   0   0   9
165 167   0   9 165 167   0   9 165 167   0  95 165
+--------------------------------------------------------------------------------

Background
+--------------------------------------------------------------------------------
|   0   0   0   0   0   0   0   0   0   0   0   0   0   0   0   0   0   0   0
0 |   0   0   0   4   4   0   0   6   6   0   0   6   6   0   0   0   0   0
0   0 |   0   0   0   4 163  90   0 165 167   0   0 165 167   0   0   0  31
3   0   0 |   0   0   0   0 169  97   3   6   6   6   0   6   6   6   7   0
0   0   0  97 |   0   0   0   0  92  94   0 165 167   0   0 165 167   0   0
0   0   0 165 167 |   0   0   0   0   6   6   0   6   6   6   0   6   6   6
6   6   0   0   6   6 |   0   0   0   0 165 167   0 165 167   0   0 165 167
0   0   0   0   0 165 167 |   0   0   6   0   6   6   0   6   6   6   0   6
6   4   4   6   6   3   7 169 |   0   0   0  10 165 167   0 165 167   0   0
165 167  48   4   0  91   0 163 163 |   0   0   0   0 169 167   0 169 167   0
0 169 167   0   0   0  97   0   0  27 |   0   0   0   0   0   0   0   0   0
0   0   0   0   0   0  92  94   0   0   0 |   0   0   0   0   0   0   0   6
6   0   0   6   6   0   0   6   6   0   0   0 |   0   0   0   0   0   0   0
0   0   0   0   0   0   0   0   0   0   0   0  97
+--------------------------------------------------------------------------------

Background
+--------------------------------------------------------------------------------
|   0   0   0   0   0   0   0   0   0   0   0   0   0   0   0   0   0   0   0
0 |   0   0   0   0   0   0   0   0   0   0   0   0   0   0   0   0   0   0
0   0 |   0   0   0   0  89   0   0  89  91   0   0  89  91   0   0   0   0
0   0   0 |   0   0   0   0   0 114   0   0   0   0   0   0   0   0   0   0
0   0   0  93 |   0   0   0   0   0   0   0  89  91   0   0  89  91   0   0
0   0   0   0  94 |   0   0   0   0   0   0   0   0   0   0   0   0   0   0
0   0   0   0   0   0 |   0   0   0   0  89  91   0  89  91   0   0  89  91
0   0   0   0   0  89  91 |   0   0   0   0   0   0   0   0   0   0   0   0
0   0   0   0   0   0   0   0 |   0   0   0   0  89  91   0  89  91   0   0
89  91   0   0   0   0   0   0   0 |   0   0   0   0  92  94   0  92  94   0
0  92  94   0   0   0   0   0   0   0 |   0   0   0   0   0   0   0   0   0
0   0   0   0   0   0   0   0   0   0   0 |   0   0   0   0   0   0   0   0
0   0   0   0   0   0   0   0   0   0   0   0 |   0   0   0   0   0   0   0
0   0   0   0   0   0   0   0   0   0   0   0  93
+--------------------------------------------------------------------------------

Background
+--------------------------------------------------------------------------------
|   0   0   0   0   0   0   0   0   0   0   0   0   0   0   0   0   0   0   0
0 |   0   0   0   0   0   0   0   0   0   0   0   0   0   0   0   0   0   0
0   0 |   0   0   0   0  37   0   0   0   0   0   0   0   0   0   0   0   0
0   0   0 |   0   0   0   0   0   0   0   0   0   0   0   0   0   0   0   0
0   0   0   0 |   0   0   0   0   0   0   0   0   0   0   0   0   0   0   0
0   0   0   0   0 |   0   0   0   0   0   0   0   0   0   0   0   0   0   0
0   0   0   0   0   0 |   0   0   0   0   0   0   0   0   0   0   0   0   0
0   0   0   0   0   0   0 |   0   0   0   0   0   0   0   0   0   0   0   0
0   0   0   0   0   0   0   0 |   0   0   0   0   0   0   0   0   0   0   0
0   0   0   0   0   0   0   0   0 |   0   0   0   0   0   0   0   0   0   0
0   0   0   0   0   0   0   0   0   0 |   0   0   0   0   0   0   0   0   0
0   0   0   0   0   0   0   0   0   0   0 |   0   0   0   0   0   0   0   0
0   0   0   0   0   0   0   0   0   0   0   0 |   0   0   0   0   0   0   0
0   0   0   0   0   0   0   0   0   0   0   0   0
+--------------------------------------------------------------------------------
#!/usr/bin/env domino-chain

Version | 1

Name | Dominik 12

Author | Dominik Pöhlker

Theme | space

Time | 1:30

Hint | ...

Level +--------------------- | |                  .  | |            IIIIII ?
| |         IIYII | |       IYI   IYI | |  !___I___I_I___I_ |     1 2   H |
____III?IIIIIIA | +---------------------

Background
+--------------------------------------------------------------------------------
| 143 142   1   1   1   1 109 110 111 112 113 114 115 116 117   1   1   1   1
1 |   1 137 138   1   1 115 116 117 118 119 120 121 122 123 124 125 126   1
1   1 |   1   1   1   1   1   1 105   1 105 104 112 113   1   1   1   1   1
1   1   1 |  52  53 142 142   1 139   1   1   1   1   1 116 117 120 121 144
1 137   1   1 |   1   1 140 139   1 144 138   1   1   1   1   1   1 127 142
143   1   1   1   1 |   8   9   1   2   3  14  15   6   1   6  20  21   1  12
8   1   6   1   8   9 |  10  11   1   4   1  13  11   7   7  10  22  23   1
13  10   1   7   1  10  11 |   1   1   1   1   1 139 222 223 224 226 227 228
235   1   1   1   1   1   1   1 |  48  49 137   1   1   1 222 230 231 232 233
234 235 165   1   1   1   1   1   1 |   1   1 139 138   1 143 236 237 238 239
240 241 242 243   1   1   1 143 142 143 | 142   1   1   1   1   1   1   1   1
1   1   1   1   1   1   1   1   1   1   1 | 144 143 141 139   1 138 142 137
141 139 153 140 141 146 139 138   1 143 144 145 |   1   1   1 138   1 139   1
153 143 141   1   1   1   1   1   1   1   1   1   1
+--------------------------------------------------------------------------------

Background
+--------------------------------------------------------------------------------
|   0   0  87  88  89  90   0   0   0   0   0   0   0   0   0  87  89  88  90
0 |   0   0   0   0  93   0   0   0   0   0   0   0   0   0   0   0  93   0
0   0 |  56  57  87  88  89  88  88  89  88  88  88  88  89  88  88  88  89
90   0   0 |   0   0   0   0  92   0   0  92  30   0  28   0  93   0   0   0
92   0  56  57 |  36  37   0   0  92   0   0  89  31  27  29  88  89   0   0
0  92   0  36  37 |   0   0  32   0  92   0   0   0  88   0   0   0  24   0
0  32  92  34   0   0 |   0   0  33  87  26  88  88  88  88  88  88  88  27
90   0  33  92  35   0   0 |  38  39  87  88  89  88  88  90   0   0   0   0
0  87  88  88  89  90  38  39 |   0   0   0  87  89  88  89   0   0   0   0
0   0   0  89  88  89  90  54  55 |  54  55   0   0  93   0  92   0   0   0
0   0   0   0  92   0  93   0   0   0 |   0  87  88  88  89  88  89  88  88
88  88  88  88  88  89  88  89  88  88  90 |   0   0   0   0  93   0   0   0
0   0   0   0   0   0   0   0  93   0   0   0 |   0   0   0   0  92   0   0
0   0   0   0   0   0   0   0   0  92   0   0   0
+--------------------------------------------------------------------------------

Background
+--------------------------------------------------------------------------------
|   0   0   0   0   0   0   0   0   0   0   0   0   0   0   0   0   0   0   0
0 |   0   0   0   0   0   0   0   0   0   0   0   0   0   0   0   0   0   0
0   0 |   0   0   0   0   0   0   0   0   0   0   0   0   0   0   0   0   0
0   0   0 |   0   0   0   0   0   0   0   0   0   0   0   0   0   0   0   0
0   0   0   0 |   0   0   0   0   0   0   0   0  88  88  88   0   0   0   0
0   0   0   0   0 |   0   0   0   0   0   0   0   0   0   0   0   0   0   0
0   0   0   0   0   0 |   0   0   0   0  89   0   0   0   0   0   0   0  88
0   0   0   0   0   0   0 |   0   0   0   0   0   0   0   0   0   0   0   0
0   0   0   0   0   0   0   0 |   0   0   0   0   0   0   0   0   0   0   0
0   0   0   0   0   0   0   0   0 |   0   0   0   0   0   0   0   0   0   0
0   0   0   0   0   0   0   0   0   0 |   0   0   0   0   0   0   0   0   0
0   0   0   0   0   0   0   0   0   0   0 |   0   0   0   0   0   0   0   0
0   0   0   0   0   0   0   0   0   0   0   0 |   0   0   0   0   0   0   0
0   0   0   0   0   0   0   0   0   0   0   0   0
+--------------------------------------------------------------------------------
#!/usr/bin/env domino-chain

Version | 1

Name | Dominik 13

Author | Dominik Pöhlker

Theme | aztec

Time | 2:00

Hint | Push, then move Ascender to bottom left!

Level +--------------------- | |                  .  |    2 |
_!I??AII::????II # |             H |  # IIIIIIIIIIIAII?  |             H |
H |             H 1 |   I______ _____O= | | | +---------------------

Background
+--------------------------------------------------------------------------------
|   1   1   1   1   1   1   1   1   1   1   1   1   1   1   1   1   1   1   1
1 |   1   1   1   1   1   1   1   1   1   1   1   1   1   1   1   1   1   1
1   1 |   1   1   1   0   1   1   1   1   1   1   1   1   1   1   1   1   1
1   1   1 |   1   1   1   1   1   1   1   1   1   1   1   1   1   1   1   1
1   1   1   1 |   1   1   1   1   1   1   1   1   1   1   1   1   1   1   1
1   1   1   1   1 |  18  16   0   0   0  16  18  17   0  16  17  17   0   0
0   0  16  18  17  16 |  19  19   0   0   0  19  19   0   0   0  19  19  19
0   0   0  19  19  19   0 |  19  19   0   0   0  19  19   0   0   0   0  19
19   0   0   0  19  19  19  19 |  20  22   0   0   0   0   0   0   0   0   0
0  19   0   0   0  20  22  20  20 |   0  19   0   0   0   0   0   0   0   0
0   0   0   0   0   0   0  19   0   0 |   0   0   0   0   0   0   0   0   0
0   0   0   0   0   0   0   0   0   0   0 |   0   0   0   0   0   0   0   0
0   0   0   0   0   0   0   0   0   0   0   0 |   0   0   0   0   0   0   0
0   0   0   0   0   0   0   0   0   0   0   0   0
+--------------------------------------------------------------------------------

Background
+--------------------------------------------------------------------------------
|   0   0   0   0   0   0   0   0   0   0   5   9   0   0   0   0   0   0   0
0 |   5   9   0   0   0   0   5   6   8   9   0   0   0   0   0   0   5   6
8   9 |   0   0   0   0   0   0   0   0   0   0   0   0   0   0   0   0   0
0   0   0 |  12   0   0   0   0   0   0  11  10  11  10   0   0   0   0   0
0  12  11  10 |  15 123   0   0   0   0 122  14  13  14  13   0   0   0   0
0 122  15  14  13 |   0   0   0   0   0   0   0   0   0   0   0   0   0   0
0   0   0   0   0   0 |   0   0   0   0   0   0   0   0   0   0   0   0   0
0   0   0   0   0  29  30 |  35   0   0   0   0   0   0   0   0   0   0   0
0   0   0   0   0   0  37  37 |  36   0   0   0   0   0   0   0   0   0  27
28  25   0   0   0   0   0  37  37 |  24  25   0   0   0   0   0   0   0   0
27  27  28   0   0   0   0  23  26  27 |  24   0   0   0   0   0   0   0   0
0   0   0   0   0   0   0   0  26  27  27 |   0   0   0   0   0   0   0   0
0   0   0   0   0   0   0   0   0   0   0   0 |   0   0   0   0   0   0   0
0   0   0   0   0   0   0   0   0   0   0   0   0
+--------------------------------------------------------------------------------

Background
+--------------------------------------------------------------------------------
|   0   0  38  43  46  47   0   0   0   0   0   0   0   0   0   0   0   0   0
0 |   0   0  92  93  94  91   0   0   0   0   0   0  41  42   0   0   0   0
0   0 |   0  79  97   0  99 111  82   0   0   0   0  87 111 111  82  77   0
0   0   0 |   0  79  97  98  99 111 111   0   0   0   0  95  94  95  93  91
0   0   0   0 |   0  79  97  98  99 111  88   0   0   0   0 111 111  97  98
99  80   0   0   0 |   0  79  97  98  99  88   0  92  93  91   0  85 111  97
98  99  78   0   0   0 |   0  81  97  98  99  78  79  97  98  99  82   0  89
97  98  99  78   0   0   0 |   0  87  97  98  99  82  83  97  98  99 111  78
79  97 111  99  78   0   0   0 |   0  85  97  98  99 111 111  97  98  99  84
0  79 105 106 107  82   0   0   0 |   0  83  97  98  99 111 111  97  98  99
82   0  83  97   0  99 111  80   0   0 |  83 111 109  98 110 111 111 109  98
110 111 111 111 109  98 110 111  86  53  54 | 111 109  98  98  98 110 109  98
98  98 110 111 109  98  98  98 110 111 108 108 |  94  94  94  94  94  94  94
94  94  94  94  94  94  94  94  94  94  94  94  94
+--------------------------------------------------------------------------------
#!/usr/bin/env domino-chain

Version | 1

Name | Dominik 14

Author | Dominik Pöhlker

Theme | japanese

Time | 1:00

Hint | ...

Level +--------------------- | | |   _______________ |             H |
H |             H |            __ |            H |            H |     2      H
1 |  Y!_____I________ | | +---------------------

Background
+--------------------------------------------------------------------------------
|   6   7   8   7   8   7   8 217   6 337  15 338   8 217   8   7   6   7   8
7 |   2   3  81  82  83   3   4 213   4 339   0 340   4 213   4   3   4   3
4   3 |   6  84  85  86  87   7   6 217   6   7   6   7   6 217   8   7   8
7   8   7 |   2  88  89  90  91   3   4 213   4   3   4   3   4 213   4   3
55  56  57   3 |   8  92  93  94  95   7   8 217   6   3   8   3   8 217   8
7  58  59  60   7 |   4   3   2   3   2   3   2 213   4   3   4   3   4 213
4   3  61  62  63   3 |   6   7   6   7   6   7 213 217   6   0   6   3   6
217   8   7  64  65  66   7 |   2   3   2   3   4   3   4 213   2   3   2   3
2 213 214   3   2   3   2   3 |   2   2   2 337  16 338   2 213   2   2   2
2   2 213   2   2   2   2   2   2 |   2   2   2 339   0 340   2 213   2   2
2   2   2 213   2   2   2   2   2   2 |   2   2   2   2   2   2   2 213   2
2   2   2   2   2   2   2   2   2   2   2 | 206 208 206 208 208 206 206 207
206 208 208 206 208 207 208 208 206 208 206 206 |  15  16  15  16  15  16  15
211  16  15  16  15  16 211  16  15  16  15  16  15
+--------------------------------------------------------------------------------
#!/usr/bin/env domino-chain

Version | 1

Name | Dominik 15

Author | Dominik Pöhlker

Theme | dungeon

Time | 1:30

Hint | ...

Level +--------------------- | |          2 |  XI?:::::::::!_ |     H |     H
|     H |  XI???::::::::_ |     H |     H |     H    1 |  __XI???::::___ | |
+---------------------

Background
+--------------------------------------------------------------------------------
|   2   3   2   3  69  70  75  73   2   2   2   2  43  44  45   2   2   2   2
2 |   2  43  45   2   7 119 130 121   2   2   2   2  53  54  57   2   2   2
2   2 |   2  46  47   2 144 150 150 150   3   2   2   2  61  62  60   2   2
2   2   2 |   2  48  49   3 141 142 143 102   2   8   2   2   2   2   2   2
16   2   2   2 |   2  50  51   2   5   6   6   6   3   2   2   2   1   2   2
23  24   2   2   2 |   2   8   8   8   2   2   3   4   3   3   8   8   8   8
4   8  26   2   3   4 |   4   2   2   2   2   2   3   3  71  69  70 122  75
76   2  69  70  72  73   4 |   3   2   3   4   8   8   2   2   3  86  96  97
119 130   2 131 132 133 126   4 |   2   8   9   9   8  11  12   3   3  98  99
100 119 129   2 134 135 136 137   3 |   3   4 127 128   2  13  14   3   3   0
103 104 122 123   2 126 129 138 139   2 |   2   4   5   6   2   0   2   3   3
5   6   6   6   6   2   5   6   6   6   2 |   2   8 123 124   0   0   0   2
2   0   0   0   0   0   2   0   0   8   8   8 |   2   0   0   0   0   0   0
2   2   0   0   0   0   0   2   0   0   0   0   3
+--------------------------------------------------------------------------------
#!/usr/bin/env domino-chain

Version | 1

Name | Easy distance

Author | Volker Diels-Grabsch

Theme | space

Time | 1:30

Hint | Hold lower Ascender until Tumbler is away!

Level +--------------------- | |     ___ | |    O? =??????????  | |       _!II
I???_# |       1 |  #_= A_AA_ .  |         H 2 |        ____A= | | |
+---------------------

Background
+--------------------------------------------------------------------------------
|   1   1   1   1   1   1   1   1   1   1   1   1   1   1   1   1   1   1   1
1 |   1   1   1   1   1   1   1   1   1   1   1   1   1   1   1   1   1   1
1   1 |   1   1   1   1   1   1   1   1   1   1   1   1   1   1   1   1   1
1   1   1 |   1   1   1   1   1   1   1   1   1   1   1   1   1   1   1   1
1   1   1   1 |   1   1   1   1   1   1   1   1   1   1   1   1   1   1   1
1   1   1   1   1 |   1   1   1   1   1   1   1   1   1   1   1   1   1   1
1   1   1   1   1   1 |   1   1   1   1   1   1   1   1   1   1   1   1   1
1   1   1   1   1   1   1 |   1   1   1   1   1   1   1   1   1   1   1   1
1   1   1   1   1   1   1   1 |   1   1   1   1   1   1   1   1   1   1   1
1   1   1   1   1   1   1   1   1 |   1   1   1   1   1   1   1   1   1   1
1   1   1   1   1   1   1   1   1   1 |   1   1   1   1   1   1   1   1   1
1   1   1   1   1   1   1   1   1   1   1 |   1   1   1   1   1   1   1   1
1   1   1   1   1   1   1   1   1   1   1   1 |   1   1   1   1   1   1   1
1   1   1   1   1   1   1   1   1   1   1   1   1
+--------------------------------------------------------------------------------
#!/usr/bin/env domino-chain

Version | 1

Name | Hard distance

Author | Volker Diels-Grabsch

Theme | space

Time | 3:00

Hint | Put Bridger in place, drop three Ascenders!

Level +--------------------- | |     ___ | |    O? =??????????  | |       _!II
:???_# |       1 |  #_= A_AA_ * |         H 2 |        ____A= | | |
+---------------------

Background
+--------------------------------------------------------------------------------
|   1   1   1   1   1   1   1   1   1   1   1   1   1   1   1   1   1   1   1
1 |   1   1   1   1   1   1   1   1   1   1   1   1   1   1   1   1   1   1
1   1 |   1   1   1   1   1   1   1   1   1   1   1   1   1   1   1   1   1
1   1   1 |   1   1   1   1   1   1   1   1   1   1   1   1   1   1   1   1
1   1   1   1 |   1   1   1   1   1   1   1   1   1   1   1   1   1   1   1
1   1   1   1   1 |   1   1   1   1   1   1   1   1   1   1   1   1   1   1
1   1   1   1   1   1 |   1   1   1   1   1   1   1   1   1   1   1   1   1
1   1   1   1   1   1   1 |   1   1   1   1   1   1   1   1   1   1   1   1
1   1   1   1   1   1   1   1 |   1   1   1   1   1   1   1   1   1   1   1
1   1   1   1   1   1   1   1   1 |   1   1   1   1   1   1   1   1   1   1
1   1   1   1   1   1   1   1   1   1 |   1   1   1   1   1   1   1   1   1
1   1   1   1   1   1   1   1   1   1   1 |   1   1   1   1   1   1   1   1
1   1   1   1   1   1   1   1   1   1   1   1 |   1   1   1   1   1   1   1
1   1   1   1   1   1   1   1   1   1   1   1   1
+--------------------------------------------------------------------------------
#!/usr/bin/env domino-chain

Name | A&V

Priority | 20

Version | 1

Description | This levelset contains some new problems created for Domino-
Chain.

Levels | Too easy | Still too easy | Run!  | Run 'n' Bridge | Wrong direction
| One too much | Dominik 1 | Dominik 2 | Dominik 3 | Dominik 4 | Dominik 5 |
Dominik 6 | Dominik 7 | Dominik 8 | Dominik 9 | Dominik 10 | Dominik 11 |
Dominik 12 | Dominik 13 | Dominik 14 | Dominik 15 | Missing Stopper | Missing
Stopper 2 | Easy distance | Hard distance | Crash!  | Crashed again | Merger |
One last crash | Out of reach | Quantum Theory | Quantum Theory 2 | Quantum
Timing | Missing Quantum #!/usr/bin/env domino-chain

Version | 1

Name | Merger

Author | Volker Diels-Grabsch

Theme | space

Time | 1:30

Hint | Push from right! Try different spaces between Ascenders!

Level +--------------------- | |                .  | |         _OIIIII # | |
_OIII # | |         III # |          1        2 |         __OA_AIA___ | |
_!???IY_ | +---------------------

Background
+--------------------------------------------------------------------------------
|   1   1   1   1   1   1   1   1   1   1   1   1   1   1   1   1   1   1   1
1 |   1   1   1   1   1   1   1   1   1   1   1   1   1   1   1   1   1   1
1   1 |   1   1   1   1   1   1   1   1   1   1   1   1   1   1   1   1   1
1   1   1 |   1   1   1   1   1   1   1   1   1   1   1   1   1   1   1   1
1   1   1   1 |   1   1   1   1   1   1   1   1   1   1   1   1   1   1   1
1   1   1   1   1 |   1   1   1   1   1   1   1   1   1   1   1   1   1   1
1   1   1   1   1   1 |   1   1   1   1   1   1   1   1   1   1   1   1   1
1   1   1   1   1   1   1 |   1   1   1   1   1   1   1   1   1   1   1   1
1   1   1   1   1   1   1   1 |   1   1   1   1   1   1   1   1   1   1   1
1   1   1   1   1   1   1   1   1 |   1   1   1   1   1   1   1   1   1   1
1   1   1   1   1   1   1   1   1   1 |   1   1   1   1   1   1   1   1   1
1   1   1   1   1   1   1   1   1   1   1 |   1   1   1   1   1   1   1   1
1   1   1   1   1   1   1   1   1   1   1   1 |   1   1   1   1   1   1   1
1   1   1   1   1   1   1   1   1   1   1   1   1
+--------------------------------------------------------------------------------
#!/usr/bin/env domino-chain

Version | 1

Name | Missing Quantum

Author | Volker Diels-Grabsch

Theme | aztec

Time | 5:00

Hint | Catch the Entangled

Level +--------------------- | |                ____ |    1             H |
#__       __#  H |      X*xx/     H |                  H |                  H
|       #II_ =x#_  H |   2     H   H    H |  ___ YIIII IIIIY H |   H
H |  ______I_OYIII! _Xx | +---------------------

Background
+--------------------------------------------------------------------------------
|   1   1   1   1   1   1   1   1   1   1   1   1   1   1   1   1   1   1   1
1 |   1   1   1   1   1   1   1   1   1   1   1   1   1   1   1   1   1   1
1   1 |   1   1   1   1   1   1   1   1   1   1   1   1   1   1   1   1   1
1   1   1 |   1   1   1   1   1   1   1   1   1   1   1   1   1   1   1   1
1   1   1   1 |   1   1   1   1   1   1   1   1   1   1   1   1   1   1   1
1   1   1   1   1 |   1   1   1   1   1   1   1   1   1   1   1   1   1   1
1   1   1   1   1   1 |   1   1   1   1   1   1   1   1   1   1   1   1   1
1   1   1   1   1   1   1 |   1   1   1   1   1   1   1   1   1   1   1   1
1   1   1   1   1   1   1   1 |   1   1   1   1   1   1   1   1   1   1   1
1   1   1   1   1   1   1   1   1 |   1   1   1   1   1   1   1   1   1   1
1   1   1   1   1   1   1   1   1   1 |   1   1   1   1   1   1   1   1   1
1   1   1   1   1   1   1   1   1   1   1 |   1   1   1   1   1   1   1   1
1   1   1   1   1   1   1   1   1   1   1   1 |   1   1   1   1   1   1   1
1   1   1   1   1   1   1   1   1   1   1   1   1
+--------------------------------------------------------------------------------

Background
+--------------------------------------------------------------------------------
|   0   0   0   0   0   0   0   0   0   0   0   0   0   0  92  94  94  94  94
91 |   0  92  94  94  91   0   0   0   0   0   0   0   0  81 111 111 111 111
111 111 |  81 111 111 111 111 111  94  94  94  94  94  94  94 111 111 111 111
111 111 111 |  87 111 111 111 111 111 111 111 111 111 111 111 111 111 111 111
111 111 111 111 | 111 111 111 111 111 111 111 111 111 111 111 111 111 111 111
111 111 111 111 111 | 111 111 111 111 111 111 111 111 111 111 111 111 111 111
111 111 111 111 111 111 | 111 111 111 111 111 111 111 111 111 111 111 111 111
111 111 111 111 111 111 111 | 111 111 111 111 111 111 111 111 111 111 111 111
111 111 111 111 111 111 111 111 | 111 111 111 111 111 111 111 111 111 111 111
111 111 111 111 111 111 111 111 111 | 111 111 111 111 111 111 111 111 111 111
111 111 111 111 111 111 111 111 111 111 | 111 111 111 111 111 111 111 111 111
111 111 111 111 111 111 111 111 111 111 111 | 111 111 111 111 111 111 111 111
111 111 111 111 111 111 111 111 111 111 111 111 | 111 111 111 111 111 111 111
111 111 111 111 111 111 111 111 111 111 111 111 111
+--------------------------------------------------------------------------------
#!/usr/bin/env domino-chain

Version | 1

Name | Missing Stopper

Author | Volker Diels-Grabsch

Theme | space

Time | 3:00

Hint | Let Ascender hit Tumbler hit Stopper!

Level +--------------------- | |  ___ ___________ |   H   H       H 2 |   H
____   IIIII_# |   H |   H |   H |   H      __IIIII |   H           H |   H
IIIOI_# |   H   1       H |  ________#_AIIOI!_ | +---------------------

Background
+--------------------------------------------------------------------------------
|   1   1   1   1   1   1   1   1   1   1   1   1   1   1   1   1   1   1   1
1 |   1   1   1   1   1   1   1   1   1   1   1   1   1   1   1   1   1   1
1   1 |   1   1   1   1   1   1   1   1   1   1   1   1   1   1   1   1   1
1   1   1 |   1   1   1   1   1   1   1   1   1   1   1   1   1   1   1   1
1   1   1   1 |   1   1   1   1   1   1   1   1   1   1   1   1   1   1   1
1   1   1   1   1 |   1   1   1   1   1   1   1   1   1   1   1   1   1   1
1   1   1   1   1   1 |   1   1   1   1   1   1   1   1   1   1   1   1   1
1   1   1   1   1   1   1 |   1   1   1   1   1   1   1   1   1   1   1   1
1   1   1   1   1   1   1   1 |   1   1   1   1   1   1   1   1   1   1   1
1   1   1   1   1   1   1   1   1 |   1   1   1   1   1   1   1   1   1   1
1   1   1   1   1   1   1   1   1   1 |   1   1   1   1   1   1   1   1   1
1   1   1   1   1   1   1   1   1   1   1 |   1   1   1   1   1   1   1   1
1   1   1   1   1   1   1   1   1   1   1   1 |   1   1   1   1   1   1   1
1   1   1   1   1   1   1   1   1   1   1   1   1
+--------------------------------------------------------------------------------
#!/usr/bin/env domino-chain

Version | 1

Name | Missing Stopper 2

Author | Volker Diels-Grabsch

Theme | space

Time | 3:00

Hint | Let Tumbler from above hit Ascender!

Level +--------------------- | |  ___ ___________ |   H   H       H 2 |   H
_____  IIIII_# |   H |   H |   H |   H      __IIIII |   H           H |   H
IIIOI_# |   H   1       H |  ________#_AIIOI!_ | +---------------------

Background
+--------------------------------------------------------------------------------
|   1   1   1   1   1   1   1   1   1   1   1   1   1   1   1   1   1   1   1
1 |   1   1   1   1   1   1   1   1   1   1   1   1   1   1   1   1   1   1
1   1 |   1   1   1   1   1   1   1   1   1   1   1   1   1   1   1   1   1
1   1   1 |   1   1   1   1   1   1   1   1   1   1   1   1   1   1   1   1
1   1   1   1 |   1   1   1   1   1   1   1   1   1   1   1   1   1   1   1
1   1   1   1   1 |   1   1   1   1   1   1   1   1   1   1   1   1   1   1
1   1   1   1   1   1 |   1   1   1   1   1   1   1   1   1   1   1   1   1
1   1   1   1   1   1   1 |   1   1   1   1   1   1   1   1   1   1   1   1
1   1   1   1   1   1   1   1 |   1   1   1   1   1   1   1   1   1   1   1
1   1   1   1   1   1   1   1   1 |   1   1   1   1   1   1   1   1   1   1
1   1   1   1   1   1   1   1   1   1 |   1   1   1   1   1   1   1   1   1
1   1   1   1   1   1   1   1   1   1   1 |   1   1   1   1   1   1   1   1
1   1   1   1   1   1   1   1   1   1   1   1 |   1   1   1   1   1   1   1
1   1   1   1   1   1   1   1   1   1   1   1   1
+--------------------------------------------------------------------------------
#!/usr/bin/env domino-chain

Version | 1

Name | One last crash

Author | Volker Diels-Grabsch

Theme | space

Time | 7:00

Hint | Use the Delays to synchronize!

Level +--------------------- |    .            .  | |  II ?: ????????? ?  |
H |  ? IIO IIIIIIII I |    .      H   .  |           H |  II ?: IIIIIII II |
2 H 1 |  ? II= _II??IIA |     H |  _AIIIY?????????!_ | +---------------------

Background
+--------------------------------------------------------------------------------
|   1   1   1   1   1   1   1   1   1   1   1   1   1   1   1   1   1   1   1
1 |   1   1   1   1   1   1   1   1   1   1   1   1   1   1   1   1   1   1
1   1 |   1   1   1   1   1   1   1   1   1   1   1   1   1   1   1   1   1
1   1   1 |   1   1   1   1   1   1   1   1   1   1   1   1   1   1   1   1
1   1   1   1 |   1   1   1   1   1   1   1   1   1   1   1   1   1   1   1
1   1   1   1   1 |   1   1   1   1   1   1   1   1   1   1   1   1   1   1
1   1   1   1   1   1 |   1   1   1   1   1   1   1   1   1   1   1   1   1
1   1   1   1   1   1   1 |   1   1   1   1   1   1   1   1   1   1   1   1
1   1   1   1   1   1   1   1 |   1   1   1   1   1   1   1   1   1   1   1
1   1   1   1   1   1   1   1   1 |   1   1   1   1   1   1   1   1   1   1
1   1   1   1   1   1   1   1   1   1 |   1   1   1   1   1   1   1   1   1
1   1   1   1   1   1   1   1   1   1   1 |   1   1   1   1   1   1   1   1
1   1   1   1   1   1   1   1   1   1   1   1 |   1   1   1   1   1   1   1
1   1   1   1   1   1   1   1   1   1   1   1   1
+--------------------------------------------------------------------------------
#!/usr/bin/env domino-chain

Version | 1

Name | One too much

Author | Andreas Röver

Theme | space

Time | 2:30

Hint | You can get dominoes in front of doors!

Level +--------------------- | |         ____ | | |    _IIII_  _IIII_ |     H
H |     H          H |     H   ____   H |     H  1    2  H |
#_IIIO__AA__OIIII!  | | | +---------------------

Background
+--------------------------------------------------------------------------------
|   1   1   1   1   1   1   1   1   1   1   1   1   1   1   1   1   1   1   1
1 |   1   1   1   1   1   1   1   1   1   1   1   1   1   1   1   1   1   1
1   1 |   1   1   1   1   1   1   1   1   1   1   1   1   1   1   1   1   1
1   1   1 |   1   1   1   1   1   1   1   1   1   1   1   1   1   1   1   1
1   1   1   1 |   1   1   1   1   1   1   1   1   1   1   1   1   1   1   1
1   1   1   1   1 |   1   1   1   1   1   1   1   1   1   1   1   1   1   1
1   1   1   1   1   1 |   1   1   1   1   1   1   1   1   1   1   1   1   1
1   1   1   1   1   1   1 |   1   1   1   1   1   1   1   1   1   1   1   1
1   1   1   1   1   1   1   1 |   1   1   1   1   1   1   1   1   1   1   1
1   1   1   1   1   1   1   1   1 |   1   1   1   1   1   1   1   1   1   1
1   1   1   1   1   1   1   1   1   1 |   1   1   1   1   1   1   1   1   1
1   1   1   1   1   1   1   1   1   1   1 |   1   1   1   1   1   1   1   1
1   1   1   1   1   1   1   1   1   1   1   1 |   1   1   1   1   1   1   1
1   1   1   1   1   1   1   1   1   1   1   1   1
+--------------------------------------------------------------------------------
#!/usr/bin/env domino-chain

Version | 1

Name | Out of reach

Author | Andreas Röver

Theme | space

Time | 2:30

Hint | Hit the Raiser on the head

Level +--------------------- | |            # | |        I___ # |          H |
I___ # |          H |   __IIIIIIOAA # |          H |   __!__  H     # |
H 12 |   ______________# | +---------------------

Background
+--------------------------------------------------------------------------------
|   1   1   1   1   1   1   1   1   1   1   1   1   1   1   1   1   1   1   1
1 |   1   1   1   1   1   1   1   1   1   1   1   1   1   1   1   1   1   1
1   1 |   1   1   1   1   1   1   1   1   1   1   1   1   1   1   1   1   1
1   1   1 |   1   1   1   1   1   1   1   1   1   1   1   1   1   1   1   1
1   1   1   1 |   1   1   1   1   1   1   1   1   1   1   1   1   1   1   1
1   1   1   1   1 |   1   1   1   1   1   1   1   1   1   1   1   1   1   1
1   1   1   1   1   1 |   1   1   1   1   1   1   1   1   1   1   1   1   1
1   1   1   1   1   1   1 |   1   1   1   1   1   1   1   1   1   1   1   1
1   1   1   1   1   1   1   1 |   1   1   1   1   1   1   1   1   1   1   1
1   1   1   1   1   1   1   1   1 |   1   1   1   1   1   1   1   1   1   1
1   1   1   1   1   1   1   1   1   1 |   1   1   1   1   1   1   1   1   1
1   1   1   1   1   1   1   1   1   1   1 |   1   1   1   1   1   1   1   1
1   1   1   1   1   1   1   1   1   1   1   1 |   1   1   1   1   1   1   1
1   1   1   1   1   1   1   1   1   1   1   1   1
+--------------------------------------------------------------------------------
#!/usr/bin/env domino-chain

Version | 1

Name | Quantum Theory

Author | Andreas Röver

Theme | space

Time | 1:30

Hint | Look at the help

Level +--------------------- | | | | | | | | | |       XIIIII!__ |
1 2 |         X__________ | +---------------------

Background
+--------------------------------------------------------------------------------
|   1   1   1   1   1   1   1   1   1   1   1   1   1   1   1   1   1   1   1
1 |   1   1   1   1   1   1   1   1   1   1   1   1   1   1   1   1   1   1
1   1 |   1   1   1   1   1   1   1   1   1   1   1   1   1   1   1   1   1
1   1   1 |   1   1   1   1   1   1   1   1   1   1   1   1   1   1   1   1
1   1   1   1 |   1   1   1   1   1   1   1   1   1   1   1   1   1   1   1
1   1   1   1   1 |   1   1   1   1   1   1   1   1   1   1   1   1   1   1
1   1   1   1   1   1 |   1   1   1   1   1   1   1   1   1   1   1   1   1
1   1   1   1   1   1   1 |   1   1   1   1   1   1   1   1   1   1   1   1
1   1   1   1   1   1   1   1 |   1   1   1   1   1   1   1   1   1   1   1
1   1   1   1   1   1   1   1   1 |   1   1   1   1   1   1   1   1   1   1
1   1   1   1   1   1   1   1   1   1 |   1   1   1   1   1   1   1   1   1
1   1   1   1   1   1   1   1   1   1   1 |   1   1   1   1   1   1   1   1
1   1   1   1   1   1   1   1   1   1   1   1 |   1   1   1   1   1   1   1
1   1   1   1   1   1   1   1   1   1   1   1   1
+--------------------------------------------------------------------------------
#!/usr/bin/env domino-chain

Version | 1

Name | Quantum Theory 2

Author | Andreas Röver

Theme | space

Time | 1:30

Hint | Look at the help

Level +--------------------- | | | | | | |  xIIII | | |       XIIIII!__ |
1 2 |         x__________ | +---------------------

Background
+--------------------------------------------------------------------------------
|   1   1   1   1   1   1   1   1   1   1   1   1   1   1   1   1   1   1   1
1 |   1   1   1   1   1   1   1   1   1   1   1   1   1   1   1   1   1   1
1   1 |   1   1   1   1   1   1   1   1   1   1   1   1   1   1   1   1   1
1   1   1 |   1   1   1   1   1   1   1   1   1   1   1   1   1   1   1   1
1   1   1   1 |   1   1   1   1   1   1   1   1   1   1   1   1   1   1   1
1   1   1   1   1 |   1   1   1   1   1   1   1   1   1   1   1   1   1   1
1   1   1   1   1   1 |   1   1   1   1   1   1   1   1   1   1   1   1   1
1   1   1   1   1   1   1 |   1   1   1   1   1   1   1   1   1   1   1   1
1   1   1   1   1   1   1   1 |   1   1   1   1   1   1   1   1   1   1   1
1   1   1   1   1   1   1   1   1 |   1   1   1   1   1   1   1   1   1   1
1   1   1   1   1   1   1   1   1   1 |   1   1   1   1   1   1   1   1   1
1   1   1   1   1   1   1   1   1   1   1 |   1   1   1   1   1   1   1   1
1   1   1   1   1   1   1   1   1   1   1   1 |   1   1   1   1   1   1   1
1   1   1   1   1   1   1   1   1   1   1   1   1
+--------------------------------------------------------------------------------
#!/usr/bin/env domino-chain

Version | 1

Name | Quantum Timing

Author | Andreas Röver

Theme | space

Time | 0:35

Hint | It's just a question of timing

Level +--------------------- | |   $ | |  _Y????????????? # |   1 |  ___ XIII
III???_# |   H2 |  ___IIX   ________ | |  _#_XIO___IIIIII!_ | | |
+---------------------

Background
+--------------------------------------------------------------------------------
|   1   1   1   1   1   1   1   1   1   1   1   1   1   1   1   1   1   1   1
1 |   1   1   1   1   1   1   1   1   1   1   1   1   1   1   1   1   1   1
1   1 |   1   1   1   1   1   1   1   1   1   1   1   1   1   1   1   1   1
1   1   1 |   1   1   1   1   1   1   1   1   1   1   1   1   1   1   1   1
1   1   1   1 |   1   1   1   1   1   1   1   1   1   1   1   1   1   1   1
1   1   1   1   1 |   1   1   1   1   1   1   1   1   1   1   1   1   1   1
1   1   1   1   1   1 |   1   1   1   1   1   1   1   1   1   1   1   1   1
1   1   1   1   1   1   1 |   1   1   1   1   1   1   1   1   1   1   1   1
1   1   1   1   1   1   1   1 |   1   1   1   1   1   1   1   1   1   1   1
1   1   1   1   1   1   1   1   1 |   1   1   1   1   1   1   1   1   1   1
1   1   1   1   1   1   1   1   1   1 |   1   1   1   1   1   1   1   1   1
1   1   1   1   1   1   1   1   1   1   1 |   1   1   1   1   1   1   1   1
1   1   1   1   1   1   1   1   1   1   1   1 |   1   1   1   1   1   1   1
1   1   1   1   1   1   1   1   1   1   1   1   1
+--------------------------------------------------------------------------------
#!/usr/bin/env domino-chain

Version | 1

Name | Run!

Author | Volker Diels-Grabsch

Theme | space

Time | 0:10

Hint | Just run!

Level +--------------------- | | | |         $ | |        IYI |         1
2 |    _!?_____*____ | | | | | +---------------------

Background
+--------------------------------------------------------------------------------
|   1   1   1   1   1   1   1   1   1   1   1   1   1   1   1   1   1   1   1
1 |   1   1   1   1   1   1   1   1   1   1   1   1   1   1   1   1   1   1
1   1 |   1   1   1   1   1   1   1   1   1   1   1   1   1   1   1   1   1
1   1   1 |   1   1   1   1   1   1   1   1   1   1   1   1   1   1   1   1
1   1   1   1 |   1   1   1   1   1   1   1   1   1   1   1   1   1   1   1
1   1   1   1   1 |   1   1   1   1   1   1   1   1   1   1   1   1   1   1
1   1   1   1   1   1 |   1   1   1   1   1   1   1   1   1   1   1   1   1
1   1   1   1   1   1   1 |   1   1   1   1   1   1   1   1   1   1   1   1
1   1   1   1   1   1   1   1 |   1   1   1   1   1   1   1   1   1   1   1
1   1   1   1   1   1   1   1   1 |   1   1   1   1   1   1   1   1   1   1
1   1   1   1   1   1   1   1   1   1 |   1   1   1   1   1   1   1   1   1
1   1   1   1   1   1   1   1   1   1   1 |   1   1   1   1   1   1   1   1
1   1   1   1   1   1   1   1   1   1   1   1 |   1   1   1   1   1   1   1
1   1   1   1   1   1   1   1   1   1   1   1   1
+--------------------------------------------------------------------------------
#!/usr/bin/env domino-chain

Version | 1

Name | Run 'n' Bridge

Author | Volker Diels-Grabsch

Theme | space

Time | 0:10

Hint | Run and push the Bridger!

Level +--------------------- | | | |         $ | |        IYI |         1
2 |    _!?_____*_= _ | | | | | +---------------------

Background
+--------------------------------------------------------------------------------
|   1   1   1   1   1   1   1   1   1   1   1   1   1   1   1   1   1   1   1
1 |   1   1   1   1   1   1   1   1   1   1   1   1   1   1   1   1   1   1
1   1 |   1   1   1   1   1   1   1   1   1   1   1   1   1   1   1   1   1
1   1   1 |   1   1   1   1   1   1   1   1   1   1   1   1   1   1   1   1
1   1   1   1 |   1   1   1   1   1   1   1   1   1   1   1   1   1   1   1
1   1   1   1   1 |   1   1   1   1   1   1   1   1   1   1   1   1   1   1
1   1   1   1   1   1 |   1   1   1   1   1   1   1   1   1   1   1   1   1
1   1   1   1   1   1   1 |   1   1   1   1   1   1   1   1   1   1   1   1
1   1   1   1   1   1   1   1 |   1   1   1   1   1   1   1   1   1   1   1
1   1   1   1   1   1   1   1   1 |   1   1   1   1   1   1   1   1   1   1
1   1   1   1   1   1   1   1   1   1 |   1   1   1   1   1   1   1   1   1
1   1   1   1   1   1   1   1   1   1   1 |   1   1   1   1   1   1   1   1
1   1   1   1   1   1   1   1   1   1   1   1 |   1   1   1   1   1   1   1
1   1   1   1   1   1   1   1   1   1   1   1   1
+--------------------------------------------------------------------------------
#!/usr/bin/env domino-chain

Version | 1

Name | Still too easy

Author | Volker Diels-Grabsch

Theme | space

Time | 0:04

Hint | Hurry up, but don't be too fast!

Level +--------------------- |            $ | | | | | | | |                1 2
|        ___?Y_ __!__ | | | +---------------------

Background
+--------------------------------------------------------------------------------
|   1   1   1   1   1   1   1   1   1   1   1   1   1   1   1   1   1   1   1
1 |   1   1   1   1   1   1   1   1   1   1   1   1   1   1   1   1   1   1
1   1 |   1   1   1   1   1   1   1   1   1   1   1   1   1   1   1   1   1
1   1   1 |   1   1   1   1   1   1   1   1   1   1   1   1   1   1   1   1
1   1   1   1 |   1   1   1   1   1   1   1   1   1   1   1   1   1   1   1
1   1   1   1   1 |   1   1   1   1   1   1   1   1   1   1   1   1   1   1
1   1   1   1   1   1 |   1   1   1   1   1   1   1   1   1   1   1   1   1
1   1   1   1   1   1   1 |   1   1   1   1   1   1   1   1   1   1   1   1
1   1   1   1   1   1   1   1 |   1   1   1   1   1   1   1   1   1   1   1
1   1   1   1   1   1   1   1   1 |   1   1   1   1   1   1   1   1   1   1
1   1   1   1   1   1   1   1   1   1 |   1   1   1   1   1   1   1   1   1
1   1   1   1   1   1   1   1   1   1   1 |   1   1   1   1   1   1   1   1
1   1   1   1   1   1   1   1   1   1   1   1 |   1   1   1   1   1   1   1
1   1   1   1   1   1   1   1   1   1   1   1   1
+--------------------------------------------------------------------------------
#!/usr/bin/env domino-chain

Version | 1

Name | Too easy

Author | Volker Diels-Grabsch

Theme | space

Time | 0:03

Hint | Push Trigger into left direction and hurry up!

Level +--------------------- | | | | | | | | |                1 2 |
__!__ | | | +---------------------

Background
+--------------------------------------------------------------------------------
|   1   1   1   1   1   1   1   1   1   1   1   1   1   1   1   1   1   1   1
1 |   1   1   1   1   1   1   1   1   1   1   1   1   1   1   1   1   1   1
1   1 |   1   1   1   1   1   1   1   1   1   1   1   1   1   1   1   1   1
1   1   1 |   1   1   1   1   1   1   1   1   1   1   1   1   1   1   1   1
1   1   1   1 |   1   1   1   1   1   1   1   1   1   1   1   1   1   1   1
1   1   1   1   1 |   1   1   1   1   1   1   1   1   1   1   1   1   1   1
1   1   1   1   1   1 |   1   1   1   1   1   1   1   1   1   1   1   1   1
1   1   1   1   1   1   1 |   1   1   1   1   1   1   1   1   1   1   1   1
1   1   1   1   1   1   1   1 |   1   1   1   1   1   1   1   1   1   1   1
1   1   1   1   1   1   1   1   1 |   1   1   1   1   1   1   1   1   1   1
1   1   1   1   1   1   1   1   1   1 |   1   1   1   1   1   1   1   1   1
1   1   1   1   1   1   1   1   1   1   1 |   1   1   1   1   1   1   1   1
1   1   1   1   1   1   1   1   1   1   1   1 |   1   1   1   1   1   1   1
1   1   1   1   1   1   1   1   1   1   1   1   1
+--------------------------------------------------------------------------------
#!/usr/bin/env domino-chain

Version | 1

Name | Wrong direction

Author | Volker Diels-Grabsch

Theme | space

Time | 1:00

Hint | Mirror the level!

Level +--------------------- |   $ | |  _Y?????????????  | |
??????_# | |    ??????Y??????  | | |  #_?III*_______?_# |    H    1 2    H |
___ =Y:!___ ___ | +---------------------

Background
+--------------------------------------------------------------------------------
|   1   1   1   1   1   1   1   1   1   1   1   1   1   1   1   1   1   1   1
1 |   1   1   1   1   1   1   1   1   1   1   1   1   1   1   1   1   1   1
1   1 |   1   1   1   1   1   1   1   1   1   1   1   1   1   1   1   1   1
1   1   1 |   1   1   1   1   1   1   1   1   1   1   1   1   1   1   1   1
1   1   1   1 |   1   1   1   1   1   1   1   1   1   1   1   1   1   1   1
1   1   1   1   1 |   1   1   1   1   1   1   1   1   1   1   1   1   1   1
1   1   1   1   1   1 |   1   1   1   1   1   1   1   1   1   1   1   1   1
1   1   1   1   1   1   1 |   1   1   1   1   1   1   1   1   1   1   1   1
1   1   1   1   1   1   1   1 |   1   1   1   1   1   1   1   1   1   1   1
1   1   1   1   1   1   1   1   1 |   1   1   1   1   1   1   1   1   1   1
1   1   1   1   1   1   1   1   1   1 |   1   1   1   1   1   1   1   1   1
1   1   1   1   1   1   1   1   1   1   1 |   1   1   1   1   1   1   1   1
1   1   1   1   1   1   1   1   1   1   1   1 |   1   1   1   1   1   1   1
1   1   1   1   1   1   1   1   1   1   1   1   1
+--------------------------------------------------------------------------------

                                                                            ()
