()                                                                          ()

 BEGIN_INFO
   Fermi Energy:     0.523040
 END_INFO
 BEGIN_BLOCK_BANDGRID_3D
 band_energies
 BANDGRID_3D_BANDS
 3
 13 13 10
      0.00000000      0.00000000      0.00000000
      0.19797900      0.00000000      0.00000000
      0.09898900      0.17145400      0.00000000
      0.00000000      0.00000000      0.15027000
 BAND:    7
 5.535900e-01 5.565960e-01 5.643610e-01 5.737380e-01 5.801700e-01 5.801700e-01
 5.737380e-01 5.643610e-01 5.565960e-01 5.535900e-01 5.085940e-01 5.119910e-01
 5.208980e-01 5.316630e-01 5.391830e-01 5.391830e-01 5.316630e-01 5.208980e-01
 5.119910e-01 5.085940e-01 4.035600e-01 4.078980e-01 4.188160e-01 4.323530e-01
 4.420230e-01 4.420230e-01 4.323530e-01 4.188160e-01 4.078980e-01 4.035600e-01
 3.894310e-01 3.336990e-01 2.969780e-01 3.127830e-01 3.246720e-01 3.246720e-01
 3.127830e-01 2.969780e-01 3.336990e-01 3.894310e-01 4.004160e-01 3.912420e-01
 2.927530e-01 2.055970e-01 2.063300e-01 2.063300e-01 2.055970e-01 2.927530e-01
 3.912420e-01 4.004160e-01 3.760500e-01 3.783950e-01 3.626730e-01 2.769350e-01
 2.239320e-01 2.239320e-01 2.769350e-01 3.626730e-01 3.783950e-01 3.760500e-01
 3.677560e-01 3.700850e-01 3.761880e-01 3.247710e-01 2.740370e-01 2.740370e-01
 3.247710e-01 3.761880e-01 3.700850e-01 3.677560e-01 3.760500e-01 3.783950e-01
 3.626730e-01 2.769350e-01 2.239320e-01 2.239320e-01 2.769350e-01 3.626730e-01
 3.783950e-01 3.760500e-01 4.004160e-01 3.912420e-01 2.927530e-01 2.055970e-01
 2.063300e-01 2.063300e-01 2.055970e-01 2.927530e-01 3.912420e-01 4.004160e-01
 3.894310e-01 3.336990e-01 2.969780e-01 3.127830e-01 3.246720e-01 3.246720e-01
 3.127830e-01 2.969780e-01 3.336990e-01 3.894310e-01 4.035600e-01 4.078980e-01
 4.188160e-01 4.323530e-01 4.420230e-01 4.420230e-01 4.323530e-01 4.188160e-01
 4.078980e-01 4.035600e-01 5.085940e-01 5.119910e-01 5.208980e-01 5.316630e-01
 5.391830e-01 5.391830e-01 5.316630e-01 5.208980e-01 5.119910e-01 5.085940e-01
 5.535900e-01 5.565960e-01 5.643610e-01 5.737380e-01 5.801700e-01 5.801700e-01
 5.737380e-01 5.643610e-01 5.565960e-01 5.535900e-01 5.085940e-01 5.119910e-01
 5.208980e-01 5.316630e-01 5.391830e-01 5.391830e-01 5.316630e-01 5.208980e-01
 5.119910e-01 5.085940e-01 4.433330e-01 4.471440e-01 4.572560e-01 4.698450e-01
 4.787900e-01 4.787900e-01 4.698450e-01 4.572560e-01 4.471440e-01 4.433330e-01
 3.728520e-01 3.440150e-01 3.555700e-01 3.705040e-01 3.814190e-01 3.814190e-01
 3.705040e-01 3.555700e-01 3.440150e-01 3.728520e-01 3.804560e-01 3.656150e-01
 2.679060e-01 2.544180e-01 2.671650e-01 2.671650e-01 2.544180e-01 2.679060e-01
 3.656150e-01 3.804560e-01 3.471690e-01 3.500500e-01 3.328550e-01 2.463120e-01
 1.921320e-01 1.921320e-01 2.463120e-01 3.328550e-01 3.500500e-01 3.471690e-01
 3.302220e-01 3.332280e-01 3.410470e-01 3.165020e-01 2.652240e-01 2.652240e-01
 3.165020e-01 3.410470e-01 3.332280e-01 3.302220e-01 3.302220e-01 3.332280e-01
 3.410470e-01 3.165020e-01 2.652240e-01 2.652240e-01 3.165020e-01 3.410470e-01
 3.332280e-01 3.302220e-01 3.471690e-01 3.500500e-01 3.328550e-01 2.463120e-01
 1.921320e-01 1.921320e-01 2.463120e-01 3.328550e-01 3.500500e-01 3.471690e-01
 3.804560e-01 3.656150e-01 2.679060e-01 2.544180e-01 2.671650e-01 2.671650e-01
 2.544180e-01 2.679060e-01 3.656150e-01 3.804560e-01 3.728520e-01 3.440150e-01
 3.555700e-01 3.705040e-01 3.814190e-01 3.814190e-01 3.705040e-01 3.555700e-01
 3.440150e-01 3.728520e-01 4.433330e-01 4.471440e-01 4.572560e-01 4.698450e-01
 4.787900e-01 4.787900e-01 4.698450e-01 4.572560e-01 4.471440e-01 4.433330e-01
 5.085940e-01 5.119910e-01 5.208980e-01 5.316630e-01 5.391830e-01 5.391830e-01
 5.316630e-01 5.208980e-01 5.119910e-01 5.085940e-01 5.085940e-01 5.119910e-01
 5.208980e-01 5.316630e-01 5.391830e-01 5.391830e-01 5.316630e-01 5.208980e-01
 5.119910e-01 5.085940e-01 4.035600e-01 4.078980e-01 4.188160e-01 4.323530e-01
 4.420230e-01 4.420230e-01 4.323530e-01 4.188160e-01 4.078980e-01 4.035600e-01
 3.728520e-01 3.440150e-01 3.555700e-01 3.705040e-01 3.814190e-01 3.814190e-01
 3.705040e-01 3.555700e-01 3.440150e-01 3.728520e-01 3.415060e-01 3.412480e-01
 2.821410e-01 2.989090e-01 3.114770e-01 3.114770e-01 2.989090e-01 2.821410e-01
 3.412480e-01 3.415060e-01 2.815040e-01 2.851330e-01 2.926040e-01 2.297890e-01
 2.171150e-01 2.171150e-01 2.297890e-01 2.926040e-01 2.851330e-01 2.815040e-01
 2.510540e-01 2.550140e-01 2.655700e-01 2.780930e-01 2.509580e-01 2.509580e-01
 2.780930e-01 2.655700e-01 2.550140e-01 2.510540e-01 2.414470e-01 2.454710e-01
 2.562630e-01 2.698220e-01 2.798260e-01 2.798260e-01 2.698220e-01 2.562630e-01
 2.454710e-01 2.414470e-01 2.510540e-01 2.550140e-01 2.655700e-01 2.780930e-01
 2.509580e-01 2.509580e-01 2.780930e-01 2.655700e-01 2.550140e-01 2.510540e-01
 2.815040e-01 2.851330e-01 2.926040e-01 2.297890e-01 2.171150e-01 2.171150e-01
 2.297890e-01 2.926040e-01 2.851330e-01 2.815040e-01 3.415060e-01 3.412480e-01
 2.821410e-01 2.989090e-01 3.114770e-01 3.114770e-01 2.989090e-01 2.821410e-01
 3.412480e-01 3.415060e-01 3.728520e-01 3.440150e-01 3.555700e-01 3.705040e-01
 3.814190e-01 3.814190e-01 3.705040e-01 3.555700e-01 3.440150e-01 3.728520e-01
 4.035600e-01 4.078980e-01 4.188160e-01 4.323530e-01 4.420230e-01 4.420230e-01
 4.323530e-01 4.188160e-01 4.078980e-01 4.035600e-01 4.433330e-01 4.471440e-01
 4.572560e-01 4.698450e-01 4.787900e-01 4.787900e-01 4.698450e-01 4.572560e-01
 4.471440e-01 4.433330e-01 4.035600e-01 4.078980e-01 4.188160e-01 4.323530e-01
 4.420230e-01 4.420230e-01 4.323530e-01 4.188160e-01 4.078980e-01 4.035600e-01
 3.894310e-01 3.336990e-01 2.969780e-01 3.127830e-01 3.246720e-01 3.246720e-01
 3.127830e-01 2.969780e-01 3.336990e-01 3.894310e-01 3.804560e-01 3.656150e-01
 2.679060e-01 2.544180e-01 2.671650e-01 2.671650e-01 2.544180e-01 2.679060e-01
 3.656150e-01 3.804560e-01 2.815040e-01 2.851330e-01 2.926040e-01 2.297890e-01
 2.171150e-01 2.171150e-01 2.297890e-01 2.926040e-01 2.851330e-01 2.815040e-01
 1.917620e-01 1.961770e-01 2.079410e-01 2.225120e-01 2.330890e-01 2.330890e-01
 2.225120e-01 2.079410e-01 1.961770e-01 1.917620e-01 1.524940e-01 1.572510e-01
 1.700530e-01 1.862470e-01 1.981480e-01 1.981480e-01 1.862470e-01 1.700530e-01
 1.572510e-01 1.524940e-01 1.524940e-01 1.572510e-01 1.700530e-01 1.862470e-01
 1.981480e-01 1.981480e-01 1.862470e-01 1.700530e-01 1.572510e-01 1.524940e-01
 1.917620e-01 1.961770e-01 2.079410e-01 2.225120e-01 2.330890e-01 2.330890e-01
 2.225120e-01 2.079410e-01 1.961770e-01 1.917620e-01 2.815040e-01 2.851330e-01
 2.926040e-01 2.297890e-01 2.171150e-01 2.171150e-01 2.297890e-01 2.926040e-01
 2.851330e-01 2.815040e-01 3.804560e-01 3.656150e-01 2.679060e-01 2.544180e-01
 2.671650e-01 2.671650e-01 2.544180e-01 2.679060e-01 3.656150e-01 3.804560e-01
 3.894310e-01 3.336990e-01 2.969780e-01 3.127830e-01 3.246720e-01 3.246720e-01
 3.127830e-01 2.969780e-01 3.336990e-01 3.894310e-01 3.728520e-01 3.440150e-01
 3.555700e-01 3.705040e-01 3.814190e-01 3.814190e-01 3.705040e-01 3.555700e-01
 3.440150e-01 3.728520e-01 3.728520e-01 3.440150e-01 3.555700e-01 3.705040e-01
 3.814190e-01 3.814190e-01 3.705040e-01 3.555700e-01 3.440150e-01 3.728520e-01
 3.894310e-01 3.336990e-01 2.969780e-01 3.127830e-01 3.246720e-01 3.246720e-01
 3.127830e-01 2.969780e-01 3.336990e-01 3.894310e-01 4.004160e-01 3.912420e-01
 2.927530e-01 2.055970e-01 2.063300e-01 2.063300e-01 2.055970e-01 2.927530e-01
 3.912420e-01 4.004160e-01 3.471690e-01 3.500500e-01 3.328550e-01 2.463120e-01
 1.921320e-01 1.921320e-01 2.463120e-01 3.328550e-01 3.500500e-01 3.471690e-01
 2.510540e-01 2.550140e-01 2.655700e-01 2.780930e-01 2.509580e-01 2.509580e-01
 2.780930e-01 2.655700e-01 2.550140e-01 2.510540e-01 1.524940e-01 1.572510e-01
 1.700530e-01 1.862470e-01 1.981480e-01 1.981480e-01 1.862470e-01 1.700530e-01
 1.572510e-01 1.524940e-01 9.828100e-02 1.034330e-01 1.171560e-01 1.342510e-01
 1.464800e-01 1.464800e-01 1.342510e-01 1.171560e-01 1.034330e-01 9.828100e-02
 1.524940e-01 1.572510e-01 1.700530e-01 1.862470e-01 1.981480e-01 1.981480e-01
 1.862470e-01 1.700530e-01 1.572510e-01 1.524940e-01 2.510540e-01 2.550140e-01
 2.655700e-01 2.780930e-01 2.509580e-01 2.509580e-01 2.780930e-01 2.655700e-01
 2.550140e-01 2.510540e-01 3.471690e-01 3.500500e-01 3.328550e-01 2.463120e-01
 1.921320e-01 1.921320e-01 2.463120e-01 3.328550e-01 3.500500e-01 3.471690e-01
 4.004160e-01 3.912420e-01 2.927530e-01 2.055970e-01 2.063300e-01 2.063300e-01
 2.055970e-01 2.927530e-01 3.912420e-01 4.004160e-01 3.804560e-01 3.656150e-01
 2.679060e-01 2.544180e-01 2.671650e-01 2.671650e-01 2.544180e-01 2.679060e-01
 3.656150e-01 3.804560e-01 3.415060e-01 3.412480e-01 2.821410e-01 2.989090e-01
 3.114770e-01 3.114770e-01 2.989090e-01 2.821410e-01 3.412480e-01 3.415060e-01
 3.804560e-01 3.656150e-01 2.679060e-01 2.544180e-01 2.671650e-01 2.671650e-01
 2.544180e-01 2.679060e-01 3.656150e-01 3.804560e-01 4.004160e-01 3.912420e-01
 2.927530e-01 2.055970e-01 2.063300e-01 2.063300e-01 2.055970e-01 2.927530e-01
 3.912420e-01 4.004160e-01 3.760500e-01 3.783950e-01 3.626730e-01 2.769350e-01
 2.239320e-01 2.239320e-01 2.769350e-01 3.626730e-01 3.783950e-01 3.760500e-01
 3.302220e-01 3.332280e-01 3.410470e-01 3.165020e-01 2.652240e-01 2.652240e-01
 3.165020e-01 3.410470e-01 3.332280e-01 3.302220e-01 2.414470e-01 2.454710e-01
 2.562630e-01 2.698220e-01 2.798260e-01 2.798260e-01 2.698220e-01 2.562630e-01
 2.454710e-01 2.414470e-01 1.524940e-01 1.572510e-01 1.700530e-01 1.862470e-01
 1.981480e-01 1.981480e-01 1.862470e-01 1.700530e-01 1.572510e-01 1.524940e-01
 1.524940e-01 1.572510e-01 1.700530e-01 1.862470e-01 1.981480e-01 1.981480e-01
 1.862470e-01 1.700530e-01 1.572510e-01 1.524940e-01 2.414470e-01 2.454710e-01
 2.562630e-01 2.698220e-01 2.798260e-01 2.798260e-01 2.698220e-01 2.562630e-01
 2.454710e-01 2.414470e-01 3.302220e-01 3.332280e-01 3.410470e-01 3.165020e-01
 2.652240e-01 2.652240e-01 3.165020e-01 3.410470e-01 3.332280e-01 3.302220e-01
 3.760500e-01 3.783950e-01 3.626730e-01 2.769350e-01 2.239320e-01 2.239320e-01
 2.769350e-01 3.626730e-01 3.783950e-01 3.760500e-01 3.471690e-01 3.500500e-01
 3.328550e-01 2.463120e-01 1.921320e-01 1.921320e-01 2.463120e-01 3.328550e-01
 3.500500e-01 3.471690e-01 2.815040e-01 2.851330e-01 2.926040e-01 2.297890e-01
 2.171150e-01 2.171150e-01 2.297890e-01 2.926040e-01 2.851330e-01 2.815040e-01
 2.815040e-01 2.851330e-01 2.926040e-01 2.297890e-01 2.171150e-01 2.171150e-01
 2.297890e-01 2.926040e-01 2.851330e-01 2.815040e-01 3.471690e-01 3.500500e-01
 3.328550e-01 2.463120e-01 1.921320e-01 1.921320e-01 2.463120e-01 3.328550e-01
 3.500500e-01 3.471690e-01 3.760500e-01 3.783950e-01 3.626730e-01 2.769350e-01
 2.239320e-01 2.239320e-01 2.769350e-01 3.626730e-01 3.783950e-01 3.760500e-01
 3.677560e-01 3.700850e-01 3.761880e-01 3.247710e-01 2.740370e-01 2.740370e-01
 3.247710e-01 3.761880e-01 3.700850e-01 3.677560e-01 3.302220e-01 3.332280e-01
 3.410470e-01 3.165020e-01 2.652240e-01 2.652240e-01 3.165020e-01 3.410470e-01
 3.332280e-01 3.302220e-01 2.510540e-01 2.550140e-01 2.655700e-01 2.780930e-01
 2.509580e-01 2.509580e-01 2.780930e-01 2.655700e-01 2.550140e-01 2.510540e-01
 1.917620e-01 1.961770e-01 2.079410e-01 2.225120e-01 2.330890e-01 2.330890e-01
 2.225120e-01 2.079410e-01 1.961770e-01 1.917620e-01 2.510540e-01 2.550140e-01
 2.655700e-01 2.780930e-01 2.509580e-01 2.509580e-01 2.780930e-01 2.655700e-01
 2.550140e-01 2.510540e-01 3.302220e-01 3.332280e-01 3.410470e-01 3.165020e-01
 2.652240e-01 2.652240e-01 3.165020e-01 3.410470e-01 3.332280e-01 3.302220e-01
 3.677560e-01 3.700850e-01 3.761880e-01 3.247710e-01 2.740370e-01 2.740370e-01
 3.247710e-01 3.761880e-01 3.700850e-01 3.677560e-01 3.302220e-01 3.332280e-01
 3.410470e-01 3.165020e-01 2.652240e-01 2.652240e-01 3.165020e-01 3.410470e-01
 3.332280e-01 3.302220e-01 2.510540e-01 2.550140e-01 2.655700e-01 2.780930e-01
 2.509580e-01 2.509580e-01 2.780930e-01 2.655700e-01 2.550140e-01 2.510540e-01
 1.917620e-01 1.961770e-01 2.079410e-01 2.225120e-01 2.330890e-01 2.330890e-01
 2.225120e-01 2.079410e-01 1.961770e-01 1.917620e-01 2.510540e-01 2.550140e-01
 2.655700e-01 2.780930e-01 2.509580e-01 2.509580e-01 2.780930e-01 2.655700e-01
 2.550140e-01 2.510540e-01 3.302220e-01 3.332280e-01 3.410470e-01 3.165020e-01
 2.652240e-01 2.652240e-01 3.165020e-01 3.410470e-01 3.332280e-01 3.302220e-01
 3.677560e-01 3.700850e-01 3.761880e-01 3.247710e-01 2.740370e-01 2.740370e-01
 3.247710e-01 3.761880e-01 3.700850e-01 3.677560e-01 3.760500e-01 3.783950e-01
 3.626730e-01 2.769350e-01 2.239320e-01 2.239320e-01 2.769350e-01 3.626730e-01
 3.783950e-01 3.760500e-01 3.471690e-01 3.500500e-01 3.328550e-01 2.463120e-01
 1.921320e-01 1.921320e-01 2.463120e-01 3.328550e-01 3.500500e-01 3.471690e-01
 2.815040e-01 2.851330e-01 2.926040e-01 2.297890e-01 2.171150e-01 2.171150e-01
 2.297890e-01 2.926040e-01 2.851330e-01 2.815040e-01 2.815040e-01 2.851330e-01
 2.926040e-01 2.297890e-01 2.171150e-01 2.171150e-01 2.297890e-01 2.926040e-01
 2.851330e-01 2.815040e-01 3.471690e-01 3.500500e-01 3.328550e-01 2.463120e-01
 1.921320e-01 1.921320e-01 2.463120e-01 3.328550e-01 3.500500e-01 3.471690e-01
 3.760500e-01 3.783950e-01 3.626730e-01 2.769350e-01 2.239320e-01 2.239320e-01
 2.769350e-01 3.626730e-01 3.783950e-01 3.760500e-01 3.302220e-01 3.332280e-01
 3.410470e-01 3.165020e-01 2.652240e-01 2.652240e-01 3.165020e-01 3.410470e-01
 3.332280e-01 3.302220e-01 2.414470e-01 2.454710e-01 2.562630e-01 2.698220e-01
 2.798260e-01 2.798260e-01 2.698220e-01 2.562630e-01 2.454710e-01 2.414470e-01
 1.524940e-01 1.572510e-01 1.700530e-01 1.862470e-01 1.981480e-01 1.981480e-01
 1.862470e-01 1.700530e-01 1.572510e-01 1.524940e-01 1.524940e-01 1.572510e-01
 1.700530e-01 1.862470e-01 1.981480e-01 1.981480e-01 1.862470e-01 1.700530e-01
 1.572510e-01 1.524940e-01 2.414470e-01 2.454710e-01 2.562630e-01 2.698220e-01
 2.798260e-01 2.798260e-01 2.698220e-01 2.562630e-01 2.454710e-01 2.414470e-01
 3.302220e-01 3.332280e-01 3.410470e-01 3.165020e-01 2.652240e-01 2.652240e-01
 3.165020e-01 3.410470e-01 3.332280e-01 3.302220e-01 3.760500e-01 3.783950e-01
 3.626730e-01 2.769350e-01 2.239320e-01 2.239320e-01 2.769350e-01 3.626730e-01
 3.783950e-01 3.760500e-01 4.004160e-01 3.912420e-01 2.927530e-01 2.055970e-01
 2.063300e-01 2.063300e-01 2.055970e-01 2.927530e-01 3.912420e-01 4.004160e-01
 3.804560e-01 3.656150e-01 2.679060e-01 2.544180e-01 2.671650e-01 2.671650e-01
 2.544180e-01 2.679060e-01 3.656150e-01 3.804560e-01 3.415060e-01 3.412480e-01
 2.821410e-01 2.989090e-01 3.114770e-01 3.114770e-01 2.989090e-01 2.821410e-01
 3.412480e-01 3.415060e-01 3.804560e-01 3.656150e-01 2.679060e-01 2.544180e-01
 2.671650e-01 2.671650e-01 2.544180e-01 2.679060e-01 3.656150e-01 3.804560e-01
 4.004160e-01 3.912420e-01 2.927530e-01 2.055970e-01 2.063300e-01 2.063300e-01
 2.055970e-01 2.927530e-01 3.912420e-01 4.004160e-01 3.471690e-01 3.500500e-01
 3.328550e-01 2.463120e-01 1.921320e-01 1.921320e-01 2.463120e-01 3.328550e-01
 3.500500e-01 3.471690e-01 2.510540e-01 2.550140e-01 2.655700e-01 2.780930e-01
 2.509580e-01 2.509580e-01 2.780930e-01 2.655700e-01 2.550140e-01 2.510540e-01
 1.524940e-01 1.572510e-01 1.700530e-01 1.862470e-01 1.981480e-01 1.981480e-01
 1.862470e-01 1.700530e-01 1.572510e-01 1.524940e-01 9.828100e-02 1.034330e-01
 1.171560e-01 1.342510e-01 1.464800e-01 1.464800e-01 1.342510e-01 1.171560e-01
 1.034330e-01 9.828100e-02 1.524940e-01 1.572510e-01 1.700530e-01 1.862470e-01
 1.981480e-01 1.981480e-01 1.862470e-01 1.700530e-01 1.572510e-01 1.524940e-01
 2.510540e-01 2.550140e-01 2.655700e-01 2.780930e-01 2.509580e-01 2.509580e-01
 2.780930e-01 2.655700e-01 2.550140e-01 2.510540e-01 3.471690e-01 3.500500e-01
 3.328550e-01 2.463120e-01 1.921320e-01 1.921320e-01 2.463120e-01 3.328550e-01
 3.500500e-01 3.471690e-01 4.004160e-01 3.912420e-01 2.927530e-01 2.055970e-01
 2.063300e-01 2.063300e-01 2.055970e-01 2.927530e-01 3.912420e-01 4.004160e-01
 3.894310e-01 3.336990e-01 2.969780e-01 3.127830e-01 3.246720e-01 3.246720e-01
 3.127830e-01 2.969780e-01 3.336990e-01 3.894310e-01 3.728520e-01 3.440150e-01
 3.555700e-01 3.705040e-01 3.814190e-01 3.814190e-01 3.705040e-01 3.555700e-01
 3.440150e-01 3.728520e-01 3.728520e-01 3.440150e-01 3.555700e-01 3.705040e-01
 3.814190e-01 3.814190e-01 3.705040e-01 3.555700e-01 3.440150e-01 3.728520e-01
 3.894310e-01 3.336990e-01 2.969780e-01 3.127830e-01 3.246720e-01 3.246720e-01
 3.127830e-01 2.969780e-01 3.336990e-01 3.894310e-01 3.804560e-01 3.656150e-01
 2.679060e-01 2.544180e-01 2.671650e-01 2.671650e-01 2.544180e-01 2.679060e-01
 3.656150e-01 3.804560e-01 2.815040e-01 2.851330e-01 2.926040e-01 2.297890e-01
 2.171150e-01 2.171150e-01 2.297890e-01 2.926040e-01 2.851330e-01 2.815040e-01
 1.917620e-01 1.961770e-01 2.079410e-01 2.225120e-01 2.330890e-01 2.330890e-01
 2.225120e-01 2.079410e-01 1.961770e-01 1.917620e-01 1.524940e-01 1.572510e-01
 1.700530e-01 1.862470e-01 1.981480e-01 1.981480e-01 1.862470e-01 1.700530e-01
 1.572510e-01 1.524940e-01 1.524940e-01 1.572510e-01 1.700530e-01 1.862470e-01
 1.981480e-01 1.981480e-01 1.862470e-01 1.700530e-01 1.572510e-01 1.524940e-01
 1.917620e-01 1.961770e-01 2.079410e-01 2.225120e-01 2.330890e-01 2.330890e-01
 2.225120e-01 2.079410e-01 1.961770e-01 1.917620e-01 2.815040e-01 2.851330e-01
 2.926040e-01 2.297890e-01 2.171150e-01 2.171150e-01 2.297890e-01 2.926040e-01
 2.851330e-01 2.815040e-01 3.804560e-01 3.656150e-01 2.679060e-01 2.544180e-01
 2.671650e-01 2.671650e-01 2.544180e-01 2.679060e-01 3.656150e-01 3.804560e-01
 3.894310e-01 3.336990e-01 2.969780e-01 3.127830e-01 3.246720e-01 3.246720e-01
 3.127830e-01 2.969780e-01 3.336990e-01 3.894310e-01 4.035600e-01 4.078980e-01
 4.188160e-01 4.323530e-01 4.420230e-01 4.420230e-01 4.323530e-01 4.188160e-01
 4.078980e-01 4.035600e-01 4.433330e-01 4.471440e-01 4.572560e-01 4.698450e-01
 4.787900e-01 4.787900e-01 4.698450e-01 4.572560e-01 4.471440e-01 4.433330e-01
 4.035600e-01 4.078980e-01 4.188160e-01 4.323530e-01 4.420230e-01 4.420230e-01
 4.323530e-01 4.188160e-01 4.078980e-01 4.035600e-01 3.728520e-01 3.440150e-01
 3.555700e-01 3.705040e-01 3.814190e-01 3.814190e-01 3.705040e-01 3.555700e-01
 3.440150e-01 3.728520e-01 3.415060e-01 3.412480e-01 2.821410e-01 2.989090e-01
 3.114770e-01 3.114770e-01 2.989090e-01 2.821410e-01 3.412480e-01 3.415060e-01
 2.815040e-01 2.851330e-01 2.926040e-01 2.297890e-01 2.171150e-01 2.171150e-01
 2.297890e-01 2.926040e-01 2.851330e-01 2.815040e-01 2.510540e-01 2.550140e-01
 2.655700e-01 2.780930e-01 2.509580e-01 2.509580e-01 2.780930e-01 2.655700e-01
 2.550140e-01 2.510540e-01 2.414470e-01 2.454710e-01 2.562630e-01 2.698220e-01
 2.798260e-01 2.798260e-01 2.698220e-01 2.562630e-01 2.454710e-01 2.414470e-01
 2.510540e-01 2.550140e-01 2.655700e-01 2.780930e-01 2.509580e-01 2.509580e-01
 2.780930e-01 2.655700e-01 2.550140e-01 2.510540e-01 2.815040e-01 2.851330e-01
 2.926040e-01 2.297890e-01 2.171150e-01 2.171150e-01 2.297890e-01 2.926040e-01
 2.851330e-01 2.815040e-01 3.415060e-01 3.412480e-01 2.821410e-01 2.989090e-01
 3.114770e-01 3.114770e-01 2.989090e-01 2.821410e-01 3.412480e-01 3.415060e-01
 3.728520e-01 3.440150e-01 3.555700e-01 3.705040e-01 3.814190e-01 3.814190e-01
 3.705040e-01 3.555700e-01 3.440150e-01 3.728520e-01 4.035600e-01 4.078980e-01
 4.188160e-01 4.323530e-01 4.420230e-01 4.420230e-01 4.323530e-01 4.188160e-01
 4.078980e-01 4.035600e-01 5.085940e-01 5.119910e-01 5.208980e-01 5.316630e-01
 5.391830e-01 5.391830e-01 5.316630e-01 5.208980e-01 5.119910e-01 5.085940e-01
 5.085940e-01 5.119910e-01 5.208980e-01 5.316630e-01 5.391830e-01 5.391830e-01
 5.316630e-01 5.208980e-01 5.119910e-01 5.085940e-01 4.433330e-01 4.471440e-01
 4.572560e-01 4.698450e-01 4.787900e-01 4.787900e-01 4.698450e-01 4.572560e-01
 4.471440e-01 4.433330e-01 3.728520e-01 3.440150e-01 3.555700e-01 3.705040e-01
 3.814190e-01 3.814190e-01 3.705040e-01 3.555700e-01 3.440150e-01 3.728520e-01
 3.804560e-01 3.656150e-01 2.679060e-01 2.544180e-01 2.671650e-01 2.671650e-01
 2.544180e-01 2.679060e-01 3.656150e-01 3.804560e-01 3.471690e-01 3.500500e-01
 3.328550e-01 2.463120e-01 1.921320e-01 1.921320e-01 2.463120e-01 3.328550e-01
 3.500500e-01 3.471690e-01 3.302220e-01 3.332280e-01 3.410470e-01 3.165020e-01
 2.652240e-01 2.652240e-01 3.165020e-01 3.410470e-01 3.332280e-01 3.302220e-01
 3.302220e-01 3.332280e-01 3.410470e-01 3.165020e-01 2.652240e-01 2.652240e-01
 3.165020e-01 3.410470e-01 3.332280e-01 3.302220e-01 3.471690e-01 3.500500e-01
 3.328550e-01 2.463120e-01 1.921320e-01 1.921320e-01 2.463120e-01 3.328550e-01
 3.500500e-01 3.471690e-01 3.804560e-01 3.656150e-01 2.679060e-01 2.544180e-01
 2.671650e-01 2.671650e-01 2.544180e-01 2.679060e-01 3.656150e-01 3.804560e-01
 3.728520e-01 3.440150e-01 3.555700e-01 3.705040e-01 3.814190e-01 3.814190e-01
 3.705040e-01 3.555700e-01 3.440150e-01 3.728520e-01 4.433330e-01 4.471440e-01
 4.572560e-01 4.698450e-01 4.787900e-01 4.787900e-01 4.698450e-01 4.572560e-01
 4.471440e-01 4.433330e-01 5.085940e-01 5.119910e-01 5.208980e-01 5.316630e-01
 5.391830e-01 5.391830e-01 5.316630e-01 5.208980e-01 5.119910e-01 5.085940e-01
 5.535900e-01 5.565960e-01 5.643610e-01 5.737380e-01 5.801700e-01 5.801700e-01
 5.737380e-01 5.643610e-01 5.565960e-01 5.535900e-01 5.085940e-01 5.119910e-01
 5.208980e-01 5.316630e-01 5.391830e-01 5.391830e-01 5.316630e-01 5.208980e-01
 5.119910e-01 5.085940e-01 4.035600e-01 4.078980e-01 4.188160e-01 4.323530e-01
 4.420230e-01 4.420230e-01 4.323530e-01 4.188160e-01 4.078980e-01 4.035600e-01
 3.894310e-01 3.336990e-01 2.969780e-01 3.127830e-01 3.246720e-01 3.246720e-01
 3.127830e-01 2.969780e-01 3.336990e-01 3.894310e-01 4.004160e-01 3.912420e-01
 2.927530e-01 2.055970e-01 2.063300e-01 2.063300e-01 2.055970e-01 2.927530e-01
 3.912420e-01 4.004160e-01 3.760500e-01 3.783950e-01 3.626730e-01 2.769350e-01
 2.239320e-01 2.239320e-01 2.769350e-01 3.626730e-01 3.783950e-01 3.760500e-01
 3.677560e-01 3.700850e-01 3.761880e-01 3.247710e-01 2.740370e-01 2.740370e-01
 3.247710e-01 3.761880e-01 3.700850e-01 3.677560e-01 3.760500e-01 3.783950e-01
 3.626730e-01 2.769350e-01 2.239320e-01 2.239320e-01 2.769350e-01 3.626730e-01
 3.783950e-01 3.760500e-01 4.004160e-01 3.912420e-01 2.927530e-01 2.055970e-01
 2.063300e-01 2.063300e-01 2.055970e-01 2.927530e-01 3.912420e-01 4.004160e-01
 3.894310e-01 3.336990e-01 2.969780e-01 3.127830e-01 3.246720e-01 3.246720e-01
 3.127830e-01 2.969780e-01 3.336990e-01 3.894310e-01 4.035600e-01 4.078980e-01
 4.188160e-01 4.323530e-01 4.420230e-01 4.420230e-01 4.323530e-01 4.188160e-01
 4.078980e-01 4.035600e-01 5.085940e-01 5.119910e-01 5.208980e-01 5.316630e-01
 5.391830e-01 5.391830e-01 5.316630e-01 5.208980e-01 5.119910e-01 5.085940e-01
 5.535900e-01 5.565960e-01 5.643610e-01 5.737380e-01 5.801700e-01 5.801700e-01
 5.737380e-01 5.643610e-01 5.565960e-01 5.535900e-01
 BAND: 8
 5.535930e-01 5.566000e-01 5.643640e-01 5.737420e-01 5.801730e-01 5.801730e-01
 5.737420e-01 5.643640e-01 5.566000e-01 5.535930e-01 5.327690e-01 5.356280e-01
 5.432020e-01 5.522610e-01 5.584700e-01 5.584700e-01 5.522610e-01 5.432020e-01
 5.356280e-01 5.327690e-01 4.869050e-01 4.896000e-01 4.967110e-01 5.052040e-01
 5.110080e-01 5.110080e-01 5.052040e-01 4.967110e-01 4.896000e-01 4.869050e-01
 4.389540e-01 4.414850e-01 4.481690e-01 4.561410e-01 4.616010e-01 4.616010e-01
 4.561410e-01 4.481690e-01 4.414850e-01 4.389540e-01 4.454570e-01 4.028310e-01
 4.091970e-01 4.167930e-01 4.219870e-01 4.219870e-01 4.167930e-01 4.091970e-01
 4.028310e-01 4.454570e-01 5.078530e-01 4.569020e-01 3.845680e-01 3.919480e-01
 3.969730e-01 3.969730e-01 3.919480e-01 3.845680e-01 4.569020e-01 5.078530e-01
 5.437280e-01 4.965670e-01 4.070120e-01 3.834890e-01 3.884670e-01 3.884670e-01
 3.834890e-01 4.070120e-01 4.965670e-01 5.437280e-01 5.078530e-01 4.569020e-01
 3.845680e-01 3.919480e-01 3.969730e-01 3.969730e-01 3.919480e-01 3.845680e-01
 4.569020e-01 5.078530e-01 4.454570e-01 4.028310e-01 4.091970e-01 4.167930e-01
 4.219870e-01 4.219870e-01 4.167930e-01 4.091970e-01 4.028310e-01 4.454570e-01
 4.389540e-01 4.414850e-01 4.481690e-01 4.561410e-01 4.616010e-01 4.616010e-01
 4.561410e-01 4.481690e-01 4.414850e-01 4.389540e-01 4.869050e-01 4.896000e-01
 4.967110e-01 5.052040e-01 5.110080e-01 5.110080e-01 5.052040e-01 4.967110e-01
 4.896000e-01 4.869050e-01 5.327690e-01 5.356280e-01 5.432020e-01 5.522610e-01
 5.584700e-01 5.584700e-01 5.522610e-01 5.432020e-01 5.356280e-01 5.327690e-01
 5.535930e-01 5.566000e-01 5.643640e-01 5.737420e-01 5.801730e-01 5.801730e-01
 5.737420e-01 5.643640e-01 5.566000e-01 5.535930e-01 5.327690e-01 5.356280e-01
 5.432020e-01 5.522610e-01 5.584700e-01 5.584700e-01 5.522610e-01 5.432020e-01
 5.356280e-01 5.327690e-01 4.883620e-01 4.916960e-01 4.995340e-01 5.087210e-01
 5.150030e-01 5.150030e-01 5.087210e-01 4.995340e-01 4.916960e-01 4.883620e-01
 4.287340e-01 4.323250e-01 4.403750e-01 4.498570e-01 4.563760e-01 4.563760e-01
 4.498570e-01 4.403750e-01 4.323250e-01 4.287340e-01 4.222160e-01 3.852190e-01
 3.921190e-01 4.016370e-01 4.082740e-01 4.082740e-01 4.016370e-01 3.921190e-01
 3.852190e-01 4.222160e-01 4.832720e-01 4.307730e-01 3.594630e-01 3.682130e-01
 3.749010e-01 3.749010e-01 3.682130e-01 3.594630e-01 4.307730e-01 4.832720e-01
 5.402630e-01 4.915630e-01 4.002810e-01 3.510430e-01 3.578170e-01 3.578170e-01
 3.510430e-01 4.002810e-01 4.915630e-01 5.402630e-01 5.402630e-01 4.915630e-01
 4.002810e-01 3.510430e-01 3.578170e-01 3.578170e-01 3.510430e-01 4.002810e-01
 4.915630e-01 5.402630e-01 4.832720e-01 4.307730e-01 3.594630e-01 3.682130e-01
 3.749010e-01 3.749010e-01 3.682130e-01 3.594630e-01 4.307730e-01 4.832720e-01
 4.222160e-01 3.852190e-01 3.921190e-01 4.016370e-01 4.082740e-01 4.082740e-01
 4.016370e-01 3.921190e-01 3.852190e-01 4.222160e-01 4.287340e-01 4.323250e-01
 4.403750e-01 4.498570e-01 4.563760e-01 4.563760e-01 4.498570e-01 4.403750e-01
 4.323250e-01 4.287340e-01 4.883620e-01 4.916960e-01 4.995340e-01 5.087210e-01
 5.150030e-01 5.150030e-01 5.087210e-01 4.995340e-01 4.916960e-01 4.883620e-01
 5.327690e-01 5.356280e-01 5.432020e-01 5.522610e-01 5.584700e-01 5.584700e-01
 5.522610e-01 5.432020e-01 5.356280e-01 5.327690e-01 5.327690e-01 5.356280e-01
 5.432020e-01 5.522610e-01 5.584700e-01 5.584700e-01 5.522610e-01 5.432020e-01
 5.356280e-01 5.327690e-01 4.869050e-01 4.896000e-01 4.967110e-01 5.052040e-01
 5.110080e-01 5.110080e-01 5.052040e-01 4.967110e-01 4.896000e-01 4.869050e-01
 4.287340e-01 4.323250e-01 4.403750e-01 4.498570e-01 4.563760e-01 4.563760e-01
 4.498570e-01 4.403750e-01 4.323250e-01 4.287340e-01 4.144130e-01 3.630530e-01
 3.562280e-01 3.669300e-01 3.745670e-01 3.745670e-01 3.669300e-01 3.562280e-01
 3.630530e-01 4.144130e-01 4.702420e-01 4.170250e-01 3.222890e-01 3.096730e-01
 3.180590e-01 3.180590e-01 3.096730e-01 3.222890e-01 4.170250e-01 4.702420e-01
 5.339310e-01 4.830160e-01 3.891890e-01 3.047980e-01 2.892230e-01 2.892230e-01
 3.047980e-01 3.891890e-01 4.830160e-01 5.339310e-01 5.730340e-01 5.249700e-01
 4.348720e-01 3.527470e-01 3.024220e-01 3.024220e-01 3.527470e-01 4.348720e-01
 5.249700e-01 5.730340e-01 5.339310e-01 4.830160e-01 3.891890e-01 3.047980e-01
 2.892230e-01 2.892230e-01 3.047980e-01 3.891890e-01 4.830160e-01 5.339310e-01
 4.702420e-01 4.170250e-01 3.222890e-01 3.096730e-01 3.180590e-01 3.180590e-01
 3.096730e-01 3.222890e-01 4.170250e-01 4.702420e-01 4.144130e-01 3.630530e-01
 3.562280e-01 3.669300e-01 3.745670e-01 3.745670e-01 3.669300e-01 3.562280e-01
 3.630530e-01 4.144130e-01 4.287340e-01 4.323250e-01 4.403750e-01 4.498570e-01
 4.563760e-01 4.563760e-01 4.498570e-01 4.403750e-01 4.323250e-01 4.287340e-01
 4.869050e-01 4.896000e-01 4.967110e-01 5.052040e-01 5.110080e-01 5.110080e-01
 5.052040e-01 4.967110e-01 4.896000e-01 4.869050e-01 4.883620e-01 4.916960e-01
 4.995340e-01 5.087210e-01 5.150030e-01 5.150030e-01 5.087210e-01 4.995340e-01
 4.916960e-01 4.883620e-01 4.869050e-01 4.896000e-01 4.967110e-01 5.052040e-01
 5.110080e-01 5.110080e-01 5.052040e-01 4.967110e-01 4.896000e-01 4.869050e-01
 4.389540e-01 4.414850e-01 4.481690e-01 4.561410e-01 4.616010e-01 4.616010e-01
 4.561410e-01 4.481690e-01 4.414850e-01 4.389540e-01 4.222160e-01 3.852190e-01
 3.921190e-01 4.016370e-01 4.082740e-01 4.082740e-01 4.016370e-01 3.921190e-01
 3.852190e-01 4.222160e-01 4.702420e-01 4.170250e-01 3.222890e-01 3.096730e-01
 3.180590e-01 3.180590e-01 3.096730e-01 3.222890e-01 4.170250e-01 4.702420e-01
 5.309700e-01 4.792220e-01 3.843840e-01 2.987570e-01 2.460560e-01 2.460560e-01
 2.987570e-01 3.843840e-01 4.792220e-01 5.309700e-01 5.943380e-01 5.444800e-01
 4.525810e-01 3.696900e-01 3.191120e-01 3.191120e-01 3.696900e-01 4.525810e-01
 5.444800e-01 5.943380e-01 5.943380e-01 5.444800e-01 4.525810e-01 3.696900e-01
 3.191120e-01 3.191120e-01 3.696900e-01 4.525810e-01 5.444800e-01 5.943380e-01
 5.309700e-01 4.792220e-01 3.843840e-01 2.987570e-01 2.460560e-01 2.460560e-01
 2.987570e-01 3.843840e-01 4.792220e-01 5.309700e-01 4.702420e-01 4.170250e-01
 3.222890e-01 3.096730e-01 3.180590e-01 3.180590e-01 3.096730e-01 3.222890e-01
 4.170250e-01 4.702420e-01 4.222160e-01 3.852190e-01 3.921190e-01 4.016370e-01
 4.082740e-01 4.082740e-01 4.016370e-01 3.921190e-01 3.852190e-01 4.222160e-01
 4.389540e-01 4.414850e-01 4.481690e-01 4.561410e-01 4.616010e-01 4.616010e-01
 4.561410e-01 4.481690e-01 4.414850e-01 4.389540e-01 4.287340e-01 4.323250e-01
 4.403750e-01 4.498570e-01 4.563760e-01 4.563760e-01 4.498570e-01 4.403750e-01
 4.323250e-01 4.287340e-01 4.287340e-01 4.323250e-01 4.403750e-01 4.498570e-01
 4.563760e-01 4.563760e-01 4.498570e-01 4.403750e-01 4.323250e-01 4.287340e-01
 4.389540e-01 4.414850e-01 4.481690e-01 4.561410e-01 4.616010e-01 4.616010e-01
 4.561410e-01 4.481690e-01 4.414850e-01 4.389540e-01 4.454570e-01 4.028310e-01
 4.091970e-01 4.167930e-01 4.219870e-01 4.219870e-01 4.167930e-01 4.091970e-01
 4.028310e-01 4.454570e-01 4.832720e-01 4.307730e-01 3.594630e-01 3.682130e-01
 3.749010e-01 3.749010e-01 3.682130e-01 3.594630e-01 4.307730e-01 4.832720e-01
 5.339310e-01 4.830160e-01 3.891890e-01 3.047980e-01 2.892230e-01 2.892230e-01
 3.047980e-01 3.891890e-01 4.830160e-01 5.339310e-01 5.943380e-01 5.444800e-01
 4.525810e-01 3.696900e-01 3.191120e-01 3.191120e-01 3.696900e-01 4.525810e-01
 5.444800e-01 5.943380e-01 6.598110e-01 6.093560e-01 5.178940e-01 4.364900e-01
 3.874430e-01 3.874430e-01 4.364900e-01 5.178940e-01 6.093560e-01 6.598110e-01
 5.943380e-01 5.444800e-01 4.525810e-01 3.696900e-01 3.191120e-01 3.191120e-01
 3.696900e-01 4.525810e-01 5.444800e-01 5.943380e-01 5.339310e-01 4.830160e-01
 3.891890e-01 3.047980e-01 2.892230e-01 2.892230e-01 3.047980e-01 3.891890e-01
 4.830160e-01 5.339310e-01 4.832720e-01 4.307730e-01 3.594630e-01 3.682130e-01
 3.749010e-01 3.749010e-01 3.682130e-01 3.594630e-01 4.307730e-01 4.832720e-01
 4.454570e-01 4.028310e-01 4.091970e-01 4.167930e-01 4.219870e-01 4.219870e-01
 4.167930e-01 4.091970e-01 4.028310e-01 4.454570e-01 4.222160e-01 3.852190e-01
 3.921190e-01 4.016370e-01 4.082740e-01 4.082740e-01 4.016370e-01 3.921190e-01
 3.852190e-01 4.222160e-01 4.144130e-01 3.630530e-01 3.562280e-01 3.669300e-01
 3.745670e-01 3.745670e-01 3.669300e-01 3.562280e-01 3.630530e-01 4.144130e-01
 4.222160e-01 3.852190e-01 3.921190e-01 4.016370e-01 4.082740e-01 4.082740e-01
 4.016370e-01 3.921190e-01 3.852190e-01 4.222160e-01 4.454570e-01 4.028310e-01
 4.091970e-01 4.167930e-01 4.219870e-01 4.219870e-01 4.167930e-01 4.091970e-01
 4.028310e-01 4.454570e-01 5.078530e-01 4.569020e-01 3.845680e-01 3.919480e-01
 3.969730e-01 3.969730e-01 3.919480e-01 3.845680e-01 4.569020e-01 5.078530e-01
 5.402630e-01 4.915630e-01 4.002810e-01 3.510430e-01 3.578170e-01 3.578170e-01
 3.510430e-01 4.002810e-01 4.915630e-01 5.402630e-01 5.730340e-01 5.249700e-01
 4.348720e-01 3.527470e-01 3.024220e-01 3.024220e-01 3.527470e-01 4.348720e-01
 5.249700e-01 5.730340e-01 5.943380e-01 5.444800e-01 4.525810e-01 3.696900e-01
 3.191120e-01 3.191120e-01 3.696900e-01 4.525810e-01 5.444800e-01 5.943380e-01
 5.943380e-01 5.444800e-01 4.525810e-01 3.696900e-01 3.191120e-01 3.191120e-01
 3.696900e-01 4.525810e-01 5.444800e-01 5.943380e-01 5.730340e-01 5.249700e-01
 4.348720e-01 3.527470e-01 3.024220e-01 3.024220e-01 3.527470e-01 4.348720e-01
 5.249700e-01 5.730340e-01 5.402630e-01 4.915630e-01 4.002810e-01 3.510430e-01
 3.578170e-01 3.578170e-01 3.510430e-01 4.002810e-01 4.915630e-01 5.402630e-01
 5.078530e-01 4.569020e-01 3.845680e-01 3.919480e-01 3.969730e-01 3.969730e-01
 3.919480e-01 3.845680e-01 4.569020e-01 5.078530e-01 4.832720e-01 4.307730e-01
 3.594630e-01 3.682130e-01 3.749010e-01 3.749010e-01 3.682130e-01 3.594630e-01
 4.307730e-01 4.832720e-01 4.702420e-01 4.170250e-01 3.222890e-01 3.096730e-01
 3.180590e-01 3.180590e-01 3.096730e-01 3.222890e-01 4.170250e-01 4.702420e-01
 4.702420e-01 4.170250e-01 3.222890e-01 3.096730e-01 3.180590e-01 3.180590e-01
 3.096730e-01 3.222890e-01 4.170250e-01 4.702420e-01 4.832720e-01 4.307730e-01
 3.594630e-01 3.682130e-01 3.749010e-01 3.749010e-01 3.682130e-01 3.594630e-01
 4.307730e-01 4.832720e-01 5.078530e-01 4.569020e-01 3.845680e-01 3.919480e-01
 3.969730e-01 3.969730e-01 3.919480e-01 3.845680e-01 4.569020e-01 5.078530e-01
 5.437280e-01 4.965670e-01 4.070120e-01 3.834890e-01 3.884670e-01 3.884670e-01
 3.834890e-01 4.070120e-01 4.965670e-01 5.437280e-01 5.402630e-01 4.915630e-01
 4.002810e-01 3.510430e-01 3.578170e-01 3.578170e-01 3.510430e-01 4.002810e-01
 4.915630e-01 5.402630e-01 5.339310e-01 4.830160e-01 3.891890e-01 3.047980e-01
 2.892230e-01 2.892230e-01 3.047980e-01 3.891890e-01 4.830160e-01 5.339310e-01
 5.309700e-01 4.792220e-01 3.843840e-01 2.987570e-01 2.460560e-01 2.460560e-01
 2.987570e-01 3.843840e-01 4.792220e-01 5.309700e-01 5.339310e-01 4.830160e-01
 3.891890e-01 3.047980e-01 2.892230e-01 2.892230e-01 3.047980e-01 3.891890e-01
 4.830160e-01 5.339310e-01 5.402630e-01 4.915630e-01 4.002810e-01 3.510430e-01
 3.578170e-01 3.578170e-01 3.510430e-01 4.002810e-01 4.915630e-01 5.402630e-01
 5.437280e-01 4.965670e-01 4.070120e-01 3.834890e-01 3.884670e-01 3.884670e-01
 3.834890e-01 4.070120e-01 4.965670e-01 5.437280e-01 5.402630e-01 4.915630e-01
 4.002810e-01 3.510430e-01 3.578170e-01 3.578170e-01 3.510430e-01 4.002810e-01
 4.915630e-01 5.402630e-01 5.339310e-01 4.830160e-01 3.891890e-01 3.047980e-01
 2.892230e-01 2.892230e-01 3.047980e-01 3.891890e-01 4.830160e-01 5.339310e-01
 5.309700e-01 4.792220e-01 3.843840e-01 2.987570e-01 2.460560e-01 2.460560e-01
 2.987570e-01 3.843840e-01 4.792220e-01 5.309700e-01 5.339310e-01 4.830160e-01
 3.891890e-01 3.047980e-01 2.892230e-01 2.892230e-01 3.047980e-01 3.891890e-01
 4.830160e-01 5.339310e-01 5.402630e-01 4.915630e-01 4.002810e-01 3.510430e-01
 3.578170e-01 3.578170e-01 3.510430e-01 4.002810e-01 4.915630e-01 5.402630e-01
 5.437280e-01 4.965670e-01 4.070120e-01 3.834890e-01 3.884670e-01 3.884670e-01
 3.834890e-01 4.070120e-01 4.965670e-01 5.437280e-01 5.078530e-01 4.569020e-01
 3.845680e-01 3.919480e-01 3.969730e-01 3.969730e-01 3.919480e-01 3.845680e-01
 4.569020e-01 5.078530e-01 4.832720e-01 4.307730e-01 3.594630e-01 3.682130e-01
 3.749010e-01 3.749010e-01 3.682130e-01 3.594630e-01 4.307730e-01 4.832720e-01
 4.702420e-01 4.170250e-01 3.222890e-01 3.096730e-01 3.180590e-01 3.180590e-01
 3.096730e-01 3.222890e-01 4.170250e-01 4.702420e-01 4.702420e-01 4.170250e-01
 3.222890e-01 3.096730e-01 3.180590e-01 3.180590e-01 3.096730e-01 3.222890e-01
 4.170250e-01 4.702420e-01 4.832720e-01 4.307730e-01 3.594630e-01 3.682130e-01
 3.749010e-01 3.749010e-01 3.682130e-01 3.594630e-01 4.307730e-01 4.832720e-01
 5.078530e-01 4.569020e-01 3.845680e-01 3.919480e-01 3.969730e-01 3.969730e-01
 3.919480e-01 3.845680e-01 4.569020e-01 5.078530e-01 5.402630e-01 4.915630e-01
 4.002810e-01 3.510430e-01 3.578170e-01 3.578170e-01 3.510430e-01 4.002810e-01
 4.915630e-01 5.402630e-01 5.730340e-01 5.249700e-01 4.348720e-01 3.527470e-01
 3.024220e-01 3.024220e-01 3.527470e-01 4.348720e-01 5.249700e-01 5.730340e-01
 5.943380e-01 5.444800e-01 4.525810e-01 3.696900e-01 3.191120e-01 3.191120e-01
 3.696900e-01 4.525810e-01 5.444800e-01 5.943380e-01 5.943380e-01 5.444800e-01
 4.525810e-01 3.696900e-01 3.191120e-01 3.191120e-01 3.696900e-01 4.525810e-01
 5.444800e-01 5.943380e-01 5.730340e-01 5.249700e-01 4.348720e-01 3.527470e-01
 3.024220e-01 3.024220e-01 3.527470e-01 4.348720e-01 5.249700e-01 5.730340e-01
 5.402630e-01 4.915630e-01 4.002810e-01 3.510430e-01 3.578170e-01 3.578170e-01
 3.510430e-01 4.002810e-01 4.915630e-01 5.402630e-01 5.078530e-01 4.569020e-01
 3.845680e-01 3.919480e-01 3.969730e-01 3.969730e-01 3.919480e-01 3.845680e-01
 4.569020e-01 5.078530e-01 4.454570e-01 4.028310e-01 4.091970e-01 4.167930e-01
 4.219870e-01 4.219870e-01 4.167930e-01 4.091970e-01 4.028310e-01 4.454570e-01
 4.222160e-01 3.852190e-01 3.921190e-01 4.016370e-01 4.082740e-01 4.082740e-01
 4.016370e-01 3.921190e-01 3.852190e-01 4.222160e-01 4.144130e-01 3.630530e-01
 3.562280e-01 3.669300e-01 3.745670e-01 3.745670e-01 3.669300e-01 3.562280e-01
 3.630530e-01 4.144130e-01 4.222160e-01 3.852190e-01 3.921190e-01 4.016370e-01
 4.082740e-01 4.082740e-01 4.016370e-01 3.921190e-01 3.852190e-01 4.222160e-01
 4.454570e-01 4.028310e-01 4.091970e-01 4.167930e-01 4.219870e-01 4.219870e-01
 4.167930e-01 4.091970e-01 4.028310e-01 4.454570e-01 4.832720e-01 4.307730e-01
 3.594630e-01 3.682130e-01 3.749010e-01 3.749010e-01 3.682130e-01 3.594630e-01
 4.307730e-01 4.832720e-01 5.339310e-01 4.830160e-01 3.891890e-01 3.047980e-01
 2.892230e-01 2.892230e-01 3.047980e-01 3.891890e-01 4.830160e-01 5.339310e-01
 5.943380e-01 5.444800e-01 4.525810e-01 3.696900e-01 3.191120e-01 3.191120e-01
 3.696900e-01 4.525810e-01 5.444800e-01 5.943380e-01 6.598110e-01 6.093560e-01
 5.178940e-01 4.364900e-01 3.874430e-01 3.874430e-01 4.364900e-01 5.178940e-01
 6.093560e-01 6.598110e-01 5.943380e-01 5.444800e-01 4.525810e-01 3.696900e-01
 3.191120e-01 3.191120e-01 3.696900e-01 4.525810e-01 5.444800e-01 5.943380e-01
 5.339310e-01 4.830160e-01 3.891890e-01 3.047980e-01 2.892230e-01 2.892230e-01
 3.047980e-01 3.891890e-01 4.830160e-01 5.339310e-01 4.832720e-01 4.307730e-01
 3.594630e-01 3.682130e-01 3.749010e-01 3.749010e-01 3.682130e-01 3.594630e-01
 4.307730e-01 4.832720e-01 4.454570e-01 4.028310e-01 4.091970e-01 4.167930e-01
 4.219870e-01 4.219870e-01 4.167930e-01 4.091970e-01 4.028310e-01 4.454570e-01
 4.389540e-01 4.414850e-01 4.481690e-01 4.561410e-01 4.616010e-01 4.616010e-01
 4.561410e-01 4.481690e-01 4.414850e-01 4.389540e-01 4.287340e-01 4.323250e-01
 4.403750e-01 4.498570e-01 4.563760e-01 4.563760e-01 4.498570e-01 4.403750e-01
 4.323250e-01 4.287340e-01 4.287340e-01 4.323250e-01 4.403750e-01 4.498570e-01
 4.563760e-01 4.563760e-01 4.498570e-01 4.403750e-01 4.323250e-01 4.287340e-01
 4.389540e-01 4.414850e-01 4.481690e-01 4.561410e-01 4.616010e-01 4.616010e-01
 4.561410e-01 4.481690e-01 4.414850e-01 4.389540e-01 4.222160e-01 3.852190e-01
 3.921190e-01 4.016370e-01 4.082740e-01 4.082740e-01 4.016370e-01 3.921190e-01
 3.852190e-01 4.222160e-01 4.702420e-01 4.170250e-01 3.222890e-01 3.096730e-01
 3.180590e-01 3.180590e-01 3.096730e-01 3.222890e-01 4.170250e-01 4.702420e-01
 5.309700e-01 4.792220e-01 3.843840e-01 2.987570e-01 2.460560e-01 2.460560e-01
 2.987570e-01 3.843840e-01 4.792220e-01 5.309700e-01 5.943380e-01 5.444800e-01
 4.525810e-01 3.696900e-01 3.191120e-01 3.191120e-01 3.696900e-01 4.525810e-01
 5.444800e-01 5.943380e-01 5.943380e-01 5.444800e-01 4.525810e-01 3.696900e-01
 3.191120e-01 3.191120e-01 3.696900e-01 4.525810e-01 5.444800e-01 5.943380e-01
 5.309700e-01 4.792220e-01 3.843840e-01 2.987570e-01 2.460560e-01 2.460560e-01
 2.987570e-01 3.843840e-01 4.792220e-01 5.309700e-01 4.702420e-01 4.170250e-01
 3.222890e-01 3.096730e-01 3.180590e-01 3.180590e-01 3.096730e-01 3.222890e-01
 4.170250e-01 4.702420e-01 4.222160e-01 3.852190e-01 3.921190e-01 4.016370e-01
 4.082740e-01 4.082740e-01 4.016370e-01 3.921190e-01 3.852190e-01 4.222160e-01
 4.389540e-01 4.414850e-01 4.481690e-01 4.561410e-01 4.616010e-01 4.616010e-01
 4.561410e-01 4.481690e-01 4.414850e-01 4.389540e-01 4.869050e-01 4.896000e-01
 4.967110e-01 5.052040e-01 5.110080e-01 5.110080e-01 5.052040e-01 4.967110e-01
 4.896000e-01 4.869050e-01 4.883620e-01 4.916960e-01 4.995340e-01 5.087210e-01
 5.150030e-01 5.150030e-01 5.087210e-01 4.995340e-01 4.916960e-01 4.883620e-01
 4.869050e-01 4.896000e-01 4.967110e-01 5.052040e-01 5.110080e-01 5.110080e-01
 5.052040e-01 4.967110e-01 4.896000e-01 4.869050e-01 4.287340e-01 4.323250e-01
 4.403750e-01 4.498570e-01 4.563760e-01 4.563760e-01 4.498570e-01 4.403750e-01
 4.323250e-01 4.287340e-01 4.144130e-01 3.630530e-01 3.562280e-01 3.669300e-01
 3.745670e-01 3.745670e-01 3.669300e-01 3.562280e-01 3.630530e-01 4.144130e-01
 4.702420e-01 4.170250e-01 3.222890e-01 3.096730e-01 3.180590e-01 3.180590e-01
 3.096730e-01 3.222890e-01 4.170250e-01 4.702420e-01 5.339310e-01 4.830160e-01
 3.891890e-01 3.047980e-01 2.892230e-01 2.892230e-01 3.047980e-01 3.891890e-01
 4.830160e-01 5.339310e-01 5.730340e-01 5.249700e-01 4.348720e-01 3.527470e-01
 3.024220e-01 3.024220e-01 3.527470e-01 4.348720e-01 5.249700e-01 5.730340e-01
 5.339310e-01 4.830160e-01 3.891890e-01 3.047980e-01 2.892230e-01 2.892230e-01
 3.047980e-01 3.891890e-01 4.830160e-01 5.339310e-01 4.702420e-01 4.170250e-01
 3.222890e-01 3.096730e-01 3.180590e-01 3.180590e-01 3.096730e-01 3.222890e-01
 4.170250e-01 4.702420e-01 4.144130e-01 3.630530e-01 3.562280e-01 3.669300e-01
 3.745670e-01 3.745670e-01 3.669300e-01 3.562280e-01 3.630530e-01 4.144130e-01
 4.287340e-01 4.323250e-01 4.403750e-01 4.498570e-01 4.563760e-01 4.563760e-01
 4.498570e-01 4.403750e-01 4.323250e-01 4.287340e-01 4.869050e-01 4.896000e-01
 4.967110e-01 5.052040e-01 5.110080e-01 5.110080e-01 5.052040e-01 4.967110e-01
 4.896000e-01 4.869050e-01 5.327690e-01 5.356280e-01 5.432020e-01 5.522610e-01
 5.584700e-01 5.584700e-01 5.522610e-01 5.432020e-01 5.356280e-01 5.327690e-01
 5.327690e-01 5.356280e-01 5.432020e-01 5.522610e-01 5.584700e-01 5.584700e-01
 5.522610e-01 5.432020e-01 5.356280e-01 5.327690e-01 4.883620e-01 4.916960e-01
 4.995340e-01 5.087210e-01 5.150030e-01 5.150030e-01 5.087210e-01 4.995340e-01
 4.916960e-01 4.883620e-01 4.287340e-01 4.323250e-01 4.403750e-01 4.498570e-01
 4.563760e-01 4.563760e-01 4.498570e-01 4.403750e-01 4.323250e-01 4.287340e-01
 4.222160e-01 3.852190e-01 3.921190e-01 4.016370e-01 4.082740e-01 4.082740e-01
 4.016370e-01 3.921190e-01 3.852190e-01 4.222160e-01 4.832720e-01 4.307730e-01
 3.594630e-01 3.682130e-01 3.749010e-01 3.749010e-01 3.682130e-01 3.594630e-01
 4.307730e-01 4.832720e-01 5.402630e-01 4.915630e-01 4.002810e-01 3.510430e-01
 3.578170e-01 3.578170e-01 3.510430e-01 4.002810e-01 4.915630e-01 5.402630e-01
 5.402630e-01 4.915630e-01 4.002810e-01 3.510430e-01 3.578170e-01 3.578170e-01
 3.510430e-01 4.002810e-01 4.915630e-01 5.402630e-01 4.832720e-01 4.307730e-01
 3.594630e-01 3.682130e-01 3.749010e-01 3.749010e-01 3.682130e-01 3.594630e-01
 4.307730e-01 4.832720e-01 4.222160e-01 3.852190e-01 3.921190e-01 4.016370e-01
 4.082740e-01 4.082740e-01 4.016370e-01 3.921190e-01 3.852190e-01 4.222160e-01
 4.287340e-01 4.323250e-01 4.403750e-01 4.498570e-01 4.563760e-01 4.563760e-01
 4.498570e-01 4.403750e-01 4.323250e-01 4.287340e-01 4.883620e-01 4.916960e-01
 4.995340e-01 5.087210e-01 5.150030e-01 5.150030e-01 5.087210e-01 4.995340e-01
 4.916960e-01 4.883620e-01 5.327690e-01 5.356280e-01 5.432020e-01 5.522610e-01
 5.584700e-01 5.584700e-01 5.522610e-01 5.432020e-01 5.356280e-01 5.327690e-01
 5.535930e-01 5.566000e-01 5.643640e-01 5.737420e-01 5.801730e-01 5.801730e-01
 5.737420e-01 5.643640e-01 5.566000e-01 5.535930e-01 5.327690e-01 5.356280e-01
 5.432020e-01 5.522610e-01 5.584700e-01 5.584700e-01 5.522610e-01 5.432020e-01
 5.356280e-01 5.327690e-01 4.869050e-01 4.896000e-01 4.967110e-01 5.052040e-01
 5.110080e-01 5.110080e-01 5.052040e-01 4.967110e-01 4.896000e-01 4.869050e-01
 4.389540e-01 4.414850e-01 4.481690e-01 4.561410e-01 4.616010e-01 4.616010e-01
 4.561410e-01 4.481690e-01 4.414850e-01 4.389540e-01 4.454570e-01 4.028310e-01
 4.091970e-01 4.167930e-01 4.219870e-01 4.219870e-01 4.167930e-01 4.091970e-01
 4.028310e-01 4.454570e-01 5.078530e-01 4.569020e-01 3.845680e-01 3.919480e-01
 3.969730e-01 3.969730e-01 3.919480e-01 3.845680e-01 4.569020e-01 5.078530e-01
 5.437280e-01 4.965670e-01 4.070120e-01 3.834890e-01 3.884670e-01 3.884670e-01
 3.834890e-01 4.070120e-01 4.965670e-01 5.437280e-01 5.078530e-01 4.569020e-01
 3.845680e-01 3.919480e-01 3.969730e-01 3.969730e-01 3.919480e-01 3.845680e-01
 4.569020e-01 5.078530e-01 4.454570e-01 4.028310e-01 4.091970e-01 4.167930e-01
 4.219870e-01 4.219870e-01 4.167930e-01 4.091970e-01 4.028310e-01 4.454570e-01
 4.389540e-01 4.414850e-01 4.481690e-01 4.561410e-01 4.616010e-01 4.616010e-01
 4.561410e-01 4.481690e-01 4.414850e-01 4.389540e-01 4.869050e-01 4.896000e-01
 4.967110e-01 5.052040e-01 5.110080e-01 5.110080e-01 5.052040e-01 4.967110e-01
 4.896000e-01 4.869050e-01 5.327690e-01 5.356280e-01 5.432020e-01 5.522610e-01
 5.584700e-01 5.584700e-01 5.522610e-01 5.432020e-01 5.356280e-01 5.327690e-01
 5.535930e-01 5.566000e-01 5.643640e-01 5.737420e-01 5.801730e-01 5.801730e-01
 5.737420e-01 5.643640e-01 5.566000e-01 5.535930e-01
 BAND:    9
 6.504540e-01 7.274960e-01 8.874450e-01 1.008240e+00 1.014110e+00 1.014110e+00
 1.008240e+00 8.874450e-01 7.274960e-01 6.504540e-01 6.583770e-01 7.347350e-01
 8.916630e-01 1.001070e+00 1.013560e+00 1.013560e+00 1.001070e+00 8.916630e-01
 7.347350e-01 6.583770e-01 6.827020e-01 7.570070e-01 9.018200e-01 9.404350e-01
 9.126690e-01 9.126690e-01 9.404350e-01 9.018200e-01 7.570070e-01 6.827020e-01
 7.214330e-01 7.903650e-01 8.626580e-01 8.064000e-01 7.676370e-01 7.676370e-01
 8.064000e-01 8.626580e-01 7.903650e-01 7.214330e-01 7.680670e-01 8.065670e-01
 7.463720e-01 6.719710e-01 6.278940e-01 6.278940e-01 6.719710e-01 7.463720e-01
 8.065670e-01 7.680670e-01 8.032660e-01 7.313140e-01 6.353890e-01 5.534610e-01
 5.054880e-01 5.054880e-01 5.534610e-01 6.353890e-01 7.313140e-01 8.032660e-01
 7.540620e-01 6.801110e-01 5.767530e-01 4.904060e-01 4.399270e-01 4.399270e-01
 4.904060e-01 5.767530e-01 6.801110e-01 7.540620e-01 8.032660e-01 7.313140e-01
 6.353890e-01 5.534610e-01 5.054880e-01 5.054880e-01 5.534610e-01 6.353890e-01
 7.313140e-01 8.032660e-01 7.680670e-01 8.065670e-01 7.463720e-01 6.719710e-01
 6.278940e-01 6.278940e-01 6.719710e-01 7.463720e-01 8.065670e-01 7.680670e-01
 7.214330e-01 7.903650e-01 8.626580e-01 8.064000e-01 7.676370e-01 7.676370e-01
 8.064000e-01 8.626580e-01 7.903650e-01 7.214330e-01 6.827020e-01 7.570070e-01
 9.018200e-01 9.404350e-01 9.126690e-01 9.126690e-01 9.404350e-01 9.018200e-01
 7.570070e-01 6.827020e-01 6.583770e-01 7.347350e-01 8.916630e-01 1.001070e+00
 1.013560e+00 1.013560e+00 1.001070e+00 8.916630e-01 7.347350e-01 6.583770e-01
 6.504540e-01 7.274960e-01 8.874450e-01 1.008240e+00 1.014110e+00 1.014110e+00
 1.008240e+00 8.874450e-01 7.274960e-01 6.504540e-01 6.583770e-01 7.347350e-01
 8.916630e-01 1.001070e+00 1.013560e+00 1.013560e+00 1.001070e+00 8.916630e-01
 7.347350e-01 6.583770e-01 6.756370e-01 7.506990e-01 9.034510e-01 9.818630e-01
 9.531250e-01 9.531250e-01 9.818630e-01 9.034510e-01 7.506990e-01 6.756370e-01
 7.096750e-01 7.825780e-01 9.141830e-01 8.628530e-01 8.258660e-01 8.258660e-01
 8.628530e-01 9.141830e-01 7.825780e-01 7.096750e-01 7.570170e-01 8.226620e-01
 8.053750e-01 7.334090e-01 6.910870e-01 6.910870e-01 7.334090e-01 8.053750e-01
 8.226620e-01 7.570170e-01 8.108760e-01 7.805170e-01 6.886100e-01 6.093300e-01
 5.629930e-01 5.629930e-01 6.093300e-01 6.886100e-01 7.805170e-01 8.108760e-01
 7.650070e-01 6.966890e-01 5.956740e-01 5.108130e-01 4.610000e-01 4.610000e-01
 5.108130e-01 5.956740e-01 6.966890e-01 7.650070e-01 7.650070e-01 6.966890e-01
 5.956740e-01 5.108130e-01 4.610000e-01 4.610000e-01 5.108130e-01 5.956740e-01
 6.966890e-01 7.650070e-01 8.108760e-01 7.805170e-01 6.886100e-01 6.093300e-01
 5.629930e-01 5.629930e-01 6.093300e-01 6.886100e-01 7.805170e-01 8.108760e-01
 7.570170e-01 8.226620e-01 8.053750e-01 7.334090e-01 6.910870e-01 6.910870e-01
 7.334090e-01 8.053750e-01 8.226620e-01 7.570170e-01 7.096750e-01 7.825780e-01
 9.141830e-01 8.628530e-01 8.258660e-01 8.258660e-01 8.628530e-01 9.141830e-01
 7.825780e-01 7.096750e-01 6.756370e-01 7.506990e-01 9.034510e-01 9.818630e-01
 9.531250e-01 9.531250e-01 9.818630e-01 9.034510e-01 7.506990e-01 6.756370e-01
 6.583770e-01 7.347350e-01 8.916630e-01 1.001070e+00 1.013560e+00 1.013560e+00
 1.001070e+00 8.916630e-01 7.347350e-01 6.583770e-01 6.583770e-01 7.347350e-01
 8.916630e-01 1.001070e+00 1.013560e+00 1.013560e+00 1.001070e+00 8.916630e-01
 7.347350e-01 6.583770e-01 6.827020e-01 7.570070e-01 9.018200e-01 9.404350e-01
 9.126690e-01 9.126690e-01 9.404350e-01 9.018200e-01 7.570070e-01 6.827020e-01
 7.096750e-01 7.825780e-01 9.141830e-01 8.628530e-01 8.258660e-01 8.258660e-01
 8.628530e-01 9.141830e-01 7.825780e-01 7.096750e-01 7.542160e-01 8.259860e-01
 8.357820e-01 7.636370e-01 7.221750e-01 7.221750e-01 7.636370e-01 8.357820e-01
 8.259860e-01 7.542160e-01 8.111070e-01 8.236990e-01 7.329620e-01 6.559560e-01
 6.112300e-01 6.112300e-01 6.559560e-01 7.329620e-01 8.236990e-01 8.111070e-01
 7.880370e-01 7.289420e-01 6.334790e-01 5.520870e-01 5.042700e-01 5.042700e-01
 5.520870e-01 6.334790e-01 7.289420e-01 7.880370e-01 7.378660e-01 6.765420e-01
 5.769940e-01 4.921390e-01 4.419730e-01 4.419730e-01 4.921390e-01 5.769940e-01
 6.765420e-01 7.378660e-01 7.880370e-01 7.289420e-01 6.334790e-01 5.520870e-01
 5.042700e-01 5.042700e-01 5.520870e-01 6.334790e-01 7.289420e-01 7.880370e-01
 8.111070e-01 8.236990e-01 7.329620e-01 6.559560e-01 6.112300e-01 6.112300e-01
 6.559560e-01 7.329620e-01 8.236990e-01 8.111070e-01 7.542160e-01 8.259860e-01
 8.357820e-01 7.636370e-01 7.221750e-01 7.221750e-01 7.636370e-01 8.357820e-01
 8.259860e-01 7.542160e-01 7.096750e-01 7.825780e-01 9.141830e-01 8.628530e-01
 8.258660e-01 8.258660e-01 8.628530e-01 9.141830e-01 7.825780e-01 7.096750e-01
 6.827020e-01 7.570070e-01 9.018200e-01 9.404350e-01 9.126690e-01 9.126690e-01
 9.404350e-01 9.018200e-01 7.570070e-01 6.827020e-01 6.756370e-01 7.506990e-01
 9.034510e-01 9.818630e-01 9.531250e-01 9.531250e-01 9.818630e-01 9.034510e-01
 7.506990e-01 6.756370e-01 6.827020e-01 7.570070e-01 9.018200e-01 9.404350e-01
 9.126690e-01 9.126690e-01 9.404350e-01 9.018200e-01 7.570070e-01 6.827020e-01
 7.214330e-01 7.903650e-01 8.626580e-01 8.064000e-01 7.676370e-01 7.676370e-01
 8.064000e-01 8.626580e-01 7.903650e-01 7.214330e-01 7.570170e-01 8.226620e-01
 8.053750e-01 7.334090e-01 6.910870e-01 6.910870e-01 7.334090e-01 8.053750e-01
 8.226620e-01 7.570170e-01 8.111070e-01 8.236990e-01 7.329620e-01 6.559560e-01
 6.112300e-01 6.112300e-01 6.559560e-01 7.329620e-01 8.236990e-01 8.111070e-01
 8.004110e-01 7.460030e-01 6.539750e-01 5.749210e-01 5.284490e-01 5.284490e-01
 5.749210e-01 6.539750e-01 7.460030e-01 8.004110e-01 7.252920e-01 6.715680e-01
 5.782220e-01 4.968630e-01 4.484740e-01 4.484740e-01 4.968630e-01 5.782220e-01
 6.715680e-01 7.252920e-01 7.252920e-01 6.715680e-01 5.782220e-01 4.968630e-01
 4.484740e-01 4.484740e-01 4.968630e-01 5.782220e-01 6.715680e-01 7.252920e-01
 8.004110e-01 7.460030e-01 6.539750e-01 5.749210e-01 5.284490e-01 5.284490e-01
 5.749210e-01 6.539750e-01 7.460030e-01 8.004110e-01 8.111070e-01 8.236990e-01
 7.329620e-01 6.559560e-01 6.112300e-01 6.112300e-01 6.559560e-01 7.329620e-01
 8.236990e-01 8.111070e-01 7.570170e-01 8.226620e-01 8.053750e-01 7.334090e-01
 6.910870e-01 6.910870e-01 7.334090e-01 8.053750e-01 8.226620e-01 7.570170e-01
 7.214330e-01 7.903650e-01 8.626580e-01 8.064000e-01 7.676370e-01 7.676370e-01
 8.064000e-01 8.626580e-01 7.903650e-01 7.214330e-01 7.096750e-01 7.825780e-01
 9.141830e-01 8.628530e-01 8.258660e-01 8.258660e-01 8.628530e-01 9.141830e-01
 7.825780e-01 7.096750e-01 7.096750e-01 7.825780e-01 9.141830e-01 8.628530e-01
 8.258660e-01 8.258660e-01 8.628530e-01 9.141830e-01 7.825780e-01 7.096750e-01
 7.214330e-01 7.903650e-01 8.626580e-01 8.064000e-01 7.676370e-01 7.676370e-01
 8.064000e-01 8.626580e-01 7.903650e-01 7.214330e-01 7.680670e-01 8.065670e-01
 7.463720e-01 6.719710e-01 6.278940e-01 6.278940e-01 6.719710e-01 7.463720e-01
 8.065670e-01 7.680670e-01 8.108760e-01 7.805170e-01 6.886100e-01 6.093300e-01
 5.629930e-01 5.629930e-01 6.093300e-01 6.886100e-01 7.805170e-01 8.108760e-01
 7.880370e-01 7.289420e-01 6.334790e-01 5.520870e-01 5.042700e-01 5.042700e-01
 5.520870e-01 6.334790e-01 7.289420e-01 7.880370e-01 7.252920e-01 6.715680e-01
 5.782220e-01 4.968630e-01 4.484740e-01 4.484740e-01 4.968630e-01 5.782220e-01
 6.715680e-01 7.252920e-01 6.598130e-01 6.093570e-01 5.178950e-01 4.364910e-01
 3.874440e-01 3.874440e-01 4.364910e-01 5.178950e-01 6.093570e-01 6.598130e-01
 7.252920e-01 6.715680e-01 5.782220e-01 4.968630e-01 4.484740e-01 4.484740e-01
 4.968630e-01 5.782220e-01 6.715680e-01 7.252920e-01 7.880370e-01 7.289420e-01
 6.334790e-01 5.520870e-01 5.042700e-01 5.042700e-01 5.520870e-01 6.334790e-01
 7.289420e-01 7.880370e-01 8.108760e-01 7.805170e-01 6.886100e-01 6.093300e-01
 5.629930e-01 5.629930e-01 6.093300e-01 6.886100e-01 7.805170e-01 8.108760e-01
 7.680670e-01 8.065670e-01 7.463720e-01 6.719710e-01 6.278940e-01 6.278940e-01
 6.719710e-01 7.463720e-01 8.065670e-01 7.680670e-01 7.570170e-01 8.226620e-01
 8.053750e-01 7.334090e-01 6.910870e-01 6.910870e-01 7.334090e-01 8.053750e-01
 8.226620e-01 7.570170e-01 7.542160e-01 8.259860e-01 8.357820e-01 7.636370e-01
 7.221750e-01 7.221750e-01 7.636370e-01 8.357820e-01 8.259860e-01 7.542160e-01
 7.570170e-01 8.226620e-01 8.053750e-01 7.334090e-01 6.910870e-01 6.910870e-01
 7.334090e-01 8.053750e-01 8.226620e-01 7.570170e-01 7.680670e-01 8.065670e-01
 7.463720e-01 6.719710e-01 6.278940e-01 6.278940e-01 6.719710e-01 7.463720e-01
 8.065670e-01 7.680670e-01 8.032660e-01 7.313140e-01 6.353890e-01 5.534610e-01
 5.054880e-01 5.054880e-01 5.534610e-01 6.353890e-01 7.313140e-01 8.032660e-01
 7.650070e-01 6.966890e-01 5.956740e-01 5.108130e-01 4.610000e-01 4.610000e-01
 5.108130e-01 5.956740e-01 6.966890e-01 7.650070e-01 7.378660e-01 6.765420e-01
 5.769940e-01 4.921390e-01 4.419730e-01 4.419730e-01 4.921390e-01 5.769940e-01
 6.765420e-01 7.378660e-01 7.252920e-01 6.715680e-01 5.782220e-01 4.968630e-01
 4.484740e-01 4.484740e-01 4.968630e-01 5.782220e-01 6.715680e-01 7.252920e-01
 7.252920e-01 6.715680e-01 5.782220e-01 4.968630e-01 4.484740e-01 4.484740e-01
 4.968630e-01 5.782220e-01 6.715680e-01 7.252920e-01 7.378660e-01 6.765420e-01
 5.769940e-01 4.921390e-01 4.419730e-01 4.419730e-01 4.921390e-01 5.769940e-01
 6.765420e-01 7.378660e-01 7.650070e-01 6.966890e-01 5.956740e-01 5.108130e-01
 4.610000e-01 4.610000e-01 5.108130e-01 5.956740e-01 6.966890e-01 7.650070e-01
 8.032660e-01 7.313140e-01 6.353890e-01 5.534610e-01 5.054880e-01 5.054880e-01
 5.534610e-01 6.353890e-01 7.313140e-01 8.032660e-01 8.108760e-01 7.805170e-01
 6.886100e-01 6.093300e-01 5.629930e-01 5.629930e-01 6.093300e-01 6.886100e-01
 7.805170e-01 8.108760e-01 8.111070e-01 8.236990e-01 7.329620e-01 6.559560e-01
 6.112300e-01 6.112300e-01 6.559560e-01 7.329620e-01 8.236990e-01 8.111070e-01
 8.111070e-01 8.236990e-01 7.329620e-01 6.559560e-01 6.112300e-01 6.112300e-01
 6.559560e-01 7.329620e-01 8.236990e-01 8.111070e-01 8.108760e-01 7.805170e-01
 6.886100e-01 6.093300e-01 5.629930e-01 5.629930e-01 6.093300e-01 6.886100e-01
 7.805170e-01 8.108760e-01 8.032660e-01 7.313140e-01 6.353890e-01 5.534610e-01
 5.054880e-01 5.054880e-01 5.534610e-01 6.353890e-01 7.313140e-01 8.032660e-01
 7.540620e-01 6.801110e-01 5.767530e-01 4.904060e-01 4.399270e-01 4.399270e-01
 4.904060e-01 5.767530e-01 6.801110e-01 7.540620e-01 7.650070e-01 6.966890e-01
 5.956740e-01 5.108130e-01 4.610000e-01 4.610000e-01 5.108130e-01 5.956740e-01
 6.966890e-01 7.650070e-01 7.880370e-01 7.289420e-01 6.334790e-01 5.520870e-01
 5.042700e-01 5.042700e-01 5.520870e-01 6.334790e-01 7.289420e-01 7.880370e-01
 8.004110e-01 7.460030e-01 6.539750e-01 5.749210e-01 5.284490e-01 5.284490e-01
 5.749210e-01 6.539750e-01 7.460030e-01 8.004110e-01 7.880370e-01 7.289420e-01
 6.334790e-01 5.520870e-01 5.042700e-01 5.042700e-01 5.520870e-01 6.334790e-01
 7.289420e-01 7.880370e-01 7.650070e-01 6.966890e-01 5.956740e-01 5.108130e-01
 4.610000e-01 4.610000e-01 5.108130e-01 5.956740e-01 6.966890e-01 7.650070e-01
 7.540620e-01 6.801110e-01 5.767530e-01 4.904060e-01 4.399270e-01 4.399270e-01
 4.904060e-01 5.767530e-01 6.801110e-01 7.540620e-01 7.650070e-01 6.966890e-01
 5.956740e-01 5.108130e-01 4.610000e-01 4.610000e-01 5.108130e-01 5.956740e-01
 6.966890e-01 7.650070e-01 7.880370e-01 7.289420e-01 6.334790e-01 5.520870e-01
 5.042700e-01 5.042700e-01 5.520870e-01 6.334790e-01 7.289420e-01 7.880370e-01
 8.004110e-01 7.460030e-01 6.539750e-01 5.749210e-01 5.284490e-01 5.284490e-01
 5.749210e-01 6.539750e-01 7.460030e-01 8.004110e-01 7.880370e-01 7.289420e-01
 6.334790e-01 5.520870e-01 5.042700e-01 5.042700e-01 5.520870e-01 6.334790e-01
 7.289420e-01 7.880370e-01 7.650070e-01 6.966890e-01 5.956740e-01 5.108130e-01
 4.610000e-01 4.610000e-01 5.108130e-01 5.956740e-01 6.966890e-01 7.650070e-01
 7.540620e-01 6.801110e-01 5.767530e-01 4.904060e-01 4.399270e-01 4.399270e-01
 4.904060e-01 5.767530e-01 6.801110e-01 7.540620e-01 8.032660e-01 7.313140e-01
 6.353890e-01 5.534610e-01 5.054880e-01 5.054880e-01 5.534610e-01 6.353890e-01
 7.313140e-01 8.032660e-01 8.108760e-01 7.805170e-01 6.886100e-01 6.093300e-01
 5.629930e-01 5.629930e-01 6.093300e-01 6.886100e-01 7.805170e-01 8.108760e-01
 8.111070e-01 8.236990e-01 7.329620e-01 6.559560e-01 6.112300e-01 6.112300e-01
 6.559560e-01 7.329620e-01 8.236990e-01 8.111070e-01 8.111070e-01 8.236990e-01
 7.329620e-01 6.559560e-01 6.112300e-01 6.112300e-01 6.559560e-01 7.329620e-01
 8.236990e-01 8.111070e-01 8.108760e-01 7.805170e-01 6.886100e-01 6.093300e-01
 5.629930e-01 5.629930e-01 6.093300e-01 6.886100e-01 7.805170e-01 8.108760e-01
 8.032660e-01 7.313140e-01 6.353890e-01 5.534610e-01 5.054880e-01 5.054880e-01
 5.534610e-01 6.353890e-01 7.313140e-01 8.032660e-01 7.650070e-01 6.966890e-01
 5.956740e-01 5.108130e-01 4.610000e-01 4.610000e-01 5.108130e-01 5.956740e-01
 6.966890e-01 7.650070e-01 7.378660e-01 6.765420e-01 5.769940e-01 4.921390e-01
 4.419730e-01 4.419730e-01 4.921390e-01 5.769940e-01 6.765420e-01 7.378660e-01
 7.252920e-01 6.715680e-01 5.782220e-01 4.968630e-01 4.484740e-01 4.484740e-01
 4.968630e-01 5.782220e-01 6.715680e-01 7.252920e-01 7.252920e-01 6.715680e-01
 5.782220e-01 4.968630e-01 4.484740e-01 4.484740e-01 4.968630e-01 5.782220e-01
 6.715680e-01 7.252920e-01 7.378660e-01 6.765420e-01 5.769940e-01 4.921390e-01
 4.419730e-01 4.419730e-01 4.921390e-01 5.769940e-01 6.765420e-01 7.378660e-01
 7.650070e-01 6.966890e-01 5.956740e-01 5.108130e-01 4.610000e-01 4.610000e-01
 5.108130e-01 5.956740e-01 6.966890e-01 7.650070e-01 8.032660e-01 7.313140e-01
 6.353890e-01 5.534610e-01 5.054880e-01 5.054880e-01 5.534610e-01 6.353890e-01
 7.313140e-01 8.032660e-01 7.680670e-01 8.065670e-01 7.463720e-01 6.719710e-01
 6.278940e-01 6.278940e-01 6.719710e-01 7.463720e-01 8.065670e-01 7.680670e-01
 7.570170e-01 8.226620e-01 8.053750e-01 7.334090e-01 6.910870e-01 6.910870e-01
 7.334090e-01 8.053750e-01 8.226620e-01 7.570170e-01 7.542160e-01 8.259860e-01
 8.357820e-01 7.636370e-01 7.221750e-01 7.221750e-01 7.636370e-01 8.357820e-01
 8.259860e-01 7.542160e-01 7.570170e-01 8.226620e-01 8.053750e-01 7.334090e-01
 6.910870e-01 6.910870e-01 7.334090e-01 8.053750e-01 8.226620e-01 7.570170e-01
 7.680670e-01 8.065670e-01 7.463720e-01 6.719710e-01 6.278940e-01 6.278940e-01
 6.719710e-01 7.463720e-01 8.065670e-01 7.680670e-01 8.108760e-01 7.805170e-01
 6.886100e-01 6.093300e-01 5.629930e-01 5.629930e-01 6.093300e-01 6.886100e-01
 7.805170e-01 8.108760e-01 7.880370e-01 7.289420e-01 6.334790e-01 5.520870e-01
 5.042700e-01 5.042700e-01 5.520870e-01 6.334790e-01 7.289420e-01 7.880370e-01
 7.252920e-01 6.715680e-01 5.782220e-01 4.968630e-01 4.484740e-01 4.484740e-01
 4.968630e-01 5.782220e-01 6.715680e-01 7.252920e-01 6.598130e-01 6.093570e-01
 5.178950e-01 4.364910e-01 3.874440e-01 3.874440e-01 4.364910e-01 5.178950e-01
 6.093570e-01 6.598130e-01 7.252920e-01 6.715680e-01 5.782220e-01 4.968630e-01
 4.484740e-01 4.484740e-01 4.968630e-01 5.782220e-01 6.715680e-01 7.252920e-01
 7.880370e-01 7.289420e-01 6.334790e-01 5.520870e-01 5.042700e-01 5.042700e-01
 5.520870e-01 6.334790e-01 7.289420e-01 7.880370e-01 8.108760e-01 7.805170e-01
 6.886100e-01 6.093300e-01 5.629930e-01 5.629930e-01 6.093300e-01 6.886100e-01
 7.805170e-01 8.108760e-01 7.680670e-01 8.065670e-01 7.463720e-01 6.719710e-01
 6.278940e-01 6.278940e-01 6.719710e-01 7.463720e-01 8.065670e-01 7.680670e-01
 7.214330e-01 7.903650e-01 8.626580e-01 8.064000e-01 7.676370e-01 7.676370e-01
 8.064000e-01 8.626580e-01 7.903650e-01 7.214330e-01 7.096750e-01 7.825780e-01
 9.141830e-01 8.628530e-01 8.258660e-01 8.258660e-01 8.628530e-01 9.141830e-01
 7.825780e-01 7.096750e-01 7.096750e-01 7.825780e-01 9.141830e-01 8.628530e-01
 8.258660e-01 8.258660e-01 8.628530e-01 9.141830e-01 7.825780e-01 7.096750e-01
 7.214330e-01 7.903650e-01 8.626580e-01 8.064000e-01 7.676370e-01 7.676370e-01
 8.064000e-01 8.626580e-01 7.903650e-01 7.214330e-01 7.570170e-01 8.226620e-01
 8.053750e-01 7.334090e-01 6.910870e-01 6.910870e-01 7.334090e-01 8.053750e-01
 8.226620e-01 7.570170e-01 8.111070e-01 8.236990e-01 7.329620e-01 6.559560e-01
 6.112300e-01 6.112300e-01 6.559560e-01 7.329620e-01 8.236990e-01 8.111070e-01
 8.004110e-01 7.460030e-01 6.539750e-01 5.749210e-01 5.284490e-01 5.284490e-01
 5.749210e-01 6.539750e-01 7.460030e-01 8.004110e-01 7.252920e-01 6.715680e-01
 5.782220e-01 4.968630e-01 4.484740e-01 4.484740e-01 4.968630e-01 5.782220e-01
 6.715680e-01 7.252920e-01 7.252920e-01 6.715680e-01 5.782220e-01 4.968630e-01
 4.484740e-01 4.484740e-01 4.968630e-01 5.782220e-01 6.715680e-01 7.252920e-01
 8.004110e-01 7.460030e-01 6.539750e-01 5.749210e-01 5.284490e-01 5.284490e-01
 5.749210e-01 6.539750e-01 7.460030e-01 8.004110e-01 8.111070e-01 8.236990e-01
 7.329620e-01 6.559560e-01 6.112300e-01 6.112300e-01 6.559560e-01 7.329620e-01
 8.236990e-01 8.111070e-01 7.570170e-01 8.226620e-01 8.053750e-01 7.334090e-01
 6.910870e-01 6.910870e-01 7.334090e-01 8.053750e-01 8.226620e-01 7.570170e-01
 7.214330e-01 7.903650e-01 8.626580e-01 8.064000e-01 7.676370e-01 7.676370e-01
 8.064000e-01 8.626580e-01 7.903650e-01 7.214330e-01 6.827020e-01 7.570070e-01
 9.018200e-01 9.404350e-01 9.126690e-01 9.126690e-01 9.404350e-01 9.018200e-01
 7.570070e-01 6.827020e-01 6.756370e-01 7.506990e-01 9.034510e-01 9.818630e-01
 9.531250e-01 9.531250e-01 9.818630e-01 9.034510e-01 7.506990e-01 6.756370e-01
 6.827020e-01 7.570070e-01 9.018200e-01 9.404350e-01 9.126690e-01 9.126690e-01
 9.404350e-01 9.018200e-01 7.570070e-01 6.827020e-01 7.096750e-01 7.825780e-01
 9.141830e-01 8.628530e-01 8.258660e-01 8.258660e-01 8.628530e-01 9.141830e-01
 7.825780e-01 7.096750e-01 7.542160e-01 8.259860e-01 8.357820e-01 7.636370e-01
 7.221750e-01 7.221750e-01 7.636370e-01 8.357820e-01 8.259860e-01 7.542160e-01
 8.111070e-01 8.236990e-01 7.329620e-01 6.559560e-01 6.112300e-01 6.112300e-01
 6.559560e-01 7.329620e-01 8.236990e-01 8.111070e-01 7.880370e-01 7.289420e-01
 6.334790e-01 5.520870e-01 5.042700e-01 5.042700e-01 5.520870e-01 6.334790e-01
 7.289420e-01 7.880370e-01 7.378660e-01 6.765420e-01 5.769940e-01 4.921390e-01
 4.419730e-01 4.419730e-01 4.921390e-01 5.769940e-01 6.765420e-01 7.378660e-01
 7.880370e-01 7.289420e-01 6.334790e-01 5.520870e-01 5.042700e-01 5.042700e-01
 5.520870e-01 6.334790e-01 7.289420e-01 7.880370e-01 8.111070e-01 8.236990e-01
 7.329620e-01 6.559560e-01 6.112300e-01 6.112300e-01 6.559560e-01 7.329620e-01
 8.236990e-01 8.111070e-01 7.542160e-01 8.259860e-01 8.357820e-01 7.636370e-01
 7.221750e-01 7.221750e-01 7.636370e-01 8.357820e-01 8.259860e-01 7.542160e-01
 7.096750e-01 7.825780e-01 9.141830e-01 8.628530e-01 8.258660e-01 8.258660e-01
 8.628530e-01 9.141830e-01 7.825780e-01 7.096750e-01 6.827020e-01 7.570070e-01
 9.018200e-01 9.404350e-01 9.126690e-01 9.126690e-01 9.404350e-01 9.018200e-01
 7.570070e-01 6.827020e-01 6.583770e-01 7.347350e-01 8.916630e-01 1.001070e+00
 1.013560e+00 1.013560e+00 1.001070e+00 8.916630e-01 7.347350e-01 6.583770e-01
 6.583770e-01 7.347350e-01 8.916630e-01 1.001070e+00 1.013560e+00 1.013560e+00
 1.001070e+00 8.916630e-01 7.347350e-01 6.583770e-01 6.756370e-01 7.506990e-01
 9.034510e-01 9.818630e-01 9.531250e-01 9.531250e-01 9.818630e-01 9.034510e-01
 7.506990e-01 6.756370e-01 7.096750e-01 7.825780e-01 9.141830e-01 8.628530e-01
 8.258660e-01 8.258660e-01 8.628530e-01 9.141830e-01 7.825780e-01 7.096750e-01
 7.570170e-01 8.226620e-01 8.053750e-01 7.334090e-01 6.910870e-01 6.910870e-01
 7.334090e-01 8.053750e-01 8.226620e-01 7.570170e-01 8.108760e-01 7.805170e-01
 6.886100e-01 6.093300e-01 5.629930e-01 5.629930e-01 6.093300e-01 6.886100e-01
 7.805170e-01 8.108760e-01 7.650070e-01 6.966890e-01 5.956740e-01 5.108130e-01
 4.610000e-01 4.610000e-01 5.108130e-01 5.956740e-01 6.966890e-01 7.650070e-01
 7.650070e-01 6.966890e-01 5.956740e-01 5.108130e-01 4.610000e-01 4.610000e-01
 5.108130e-01 5.956740e-01 6.966890e-01 7.650070e-01 8.108760e-01 7.805170e-01
 6.886100e-01 6.093300e-01 5.629930e-01 5.629930e-01 6.093300e-01 6.886100e-01
 7.805170e-01 8.108760e-01 7.570170e-01 8.226620e-01 8.053750e-01 7.334090e-01
 6.910870e-01 6.910870e-01 7.334090e-01 8.053750e-01 8.226620e-01 7.570170e-01
 7.096750e-01 7.825780e-01 9.141830e-01 8.628530e-01 8.258660e-01 8.258660e-01
 8.628530e-01 9.141830e-01 7.825780e-01 7.096750e-01 6.756370e-01 7.506990e-01
 9.034510e-01 9.818630e-01 9.531250e-01 9.531250e-01 9.818630e-01 9.034510e-01
 7.506990e-01 6.756370e-01 6.583770e-01 7.347350e-01 8.916630e-01 1.001070e+00
 1.013560e+00 1.013560e+00 1.001070e+00 8.916630e-01 7.347350e-01 6.583770e-01
 6.504540e-01 7.274960e-01 8.874450e-01 1.008240e+00 1.014110e+00 1.014110e+00
 1.008240e+00 8.874450e-01 7.274960e-01 6.504540e-01 6.583770e-01 7.347350e-01
 8.916630e-01 1.001070e+00 1.013560e+00 1.013560e+00 1.001070e+00 8.916630e-01
 7.347350e-01 6.583770e-01 6.827020e-01 7.570070e-01 9.018200e-01 9.404350e-01
 9.126690e-01 9.126690e-01 9.404350e-01 9.018200e-01 7.570070e-01 6.827020e-01
 7.214330e-01 7.903650e-01 8.626580e-01 8.064000e-01 7.676370e-01 7.676370e-01
 8.064000e-01 8.626580e-01 7.903650e-01 7.214330e-01 7.680670e-01 8.065670e-01
 7.463720e-01 6.719710e-01 6.278940e-01 6.278940e-01 6.719710e-01 7.463720e-01
 8.065670e-01 7.680670e-01 8.032660e-01 7.313140e-01 6.353890e-01 5.534610e-01
 5.054880e-01 5.054880e-01 5.534610e-01 6.353890e-01 7.313140e-01 8.032660e-01
 7.540620e-01 6.801110e-01 5.767530e-01 4.904060e-01 4.399270e-01 4.399270e-01
 4.904060e-01 5.767530e-01 6.801110e-01 7.540620e-01 8.032660e-01 7.313140e-01
 6.353890e-01 5.534610e-01 5.054880e-01 5.054880e-01 5.534610e-01 6.353890e-01
 7.313140e-01 8.032660e-01 7.680670e-01 8.065670e-01 7.463720e-01 6.719710e-01
 6.278940e-01 6.278940e-01 6.719710e-01 7.463720e-01 8.065670e-01 7.680670e-01
 7.214330e-01 7.903650e-01 8.626580e-01 8.064000e-01 7.676370e-01 7.676370e-01
 8.064000e-01 8.626580e-01 7.903650e-01 7.214330e-01 6.827020e-01 7.570070e-01
 9.018200e-01 9.404350e-01 9.126690e-01 9.126690e-01 9.404350e-01 9.018200e-01
 7.570070e-01 6.827020e-01 6.583770e-01 7.347350e-01 8.916630e-01 1.001070e+00
 1.013560e+00 1.013560e+00 1.001070e+00 8.916630e-01 7.347350e-01 6.583770e-01
 6.504540e-01 7.274960e-01 8.874450e-01 1.008240e+00 1.014110e+00 1.014110e+00
 1.008240e+00 8.874450e-01 7.274960e-01 6.504540e-01
 END_BANDGRID_3D
 END_BLOCK_BANDGRID_3D

                                                                            ()
